Software	NextGENe V2.4.2.2
Project Name:	AP554_S23_L001_R1_001_converted_Output.pjt
Date/Time:	23.10.2020 8:38:39

Index	Pos	A#(F;R)	C#(F;R)	G#(F;R)	T#(F;R)	
1	272	2667;3309	0;0	0;0	0;0	
2	273	2675;3332	0;0	0;0	0;0	
3	274	0;1	0;0	2699;3505	0;0	
4	275	0;0	3338;3624	0;0	0;0	
5	276	0;0	3605;3658	0;0	0;0	
6	277	0;0	3652;3847	0;0	0;0	
7	278	0;0	2;11	0;1	4027;3860	
8	279	1;2	3;2	2;0	4039;3946	
9	280	0;0	4046;3965	0;0	1;0	
10	281	4042;3969	0;1	5;3	0;0	
11	282	1;0	0;0	4042;3994	6;1	
12	283	0;1	4260;4003	0;1	1;4	
13	284	1;1	0;0	4350;4449	1;0	
14	285	1;4	1;1	4492;4548	1;2	
15	286	0;2	5323;4590	0;1	3;2	
16	287	1;1	5352;4748	1;0	1;1	
17	288	5354;4783	1;1	4;7	2;0	
18	289	2;3	0;0	5386;4944	0;1	
19	290	1;4	12;15	2;1	5637;4958	
20	291	5647;4985	0;2	6;4	0;1	
21	292	3;2	0;0	5692;5199	2;2	
22	293	0;3	5964;5341	1;0	2;2	
23	294	5969;5428	0;0	7;1	0;0	
24	295	2;0	15;12	3;0	5990;5441	
25	296	1;3	6415;5463	1;0	2;1	
26	297	0;0	25;21	1;1	6411;5451	
27	298	2;2	0;0	6467;5634	1;0	
28	299	6501;5718	0;4	14;11	5;0	
29	300	0;0	6550;5903	0;0	0;0	
30	301	0;0	11;20	4;1	6565;5895	
31	302	0;0	0;1	3;0	6583;5927	
32	303	0;0	3;1	7;0	6628;5928	
33	304	1;3	0;0	6647;5973	0;3	
34	305	6741;5981	0;3	6;9	0;1	
35	306	2;1	1;0	6764;6166	1;2	
36	307	2;4	6828;6371	0;1	0;1	
37	308	0;3	6863;6562	1;0	2;2	
38	309	0;0	26;19	3;1	6837;6577	
39	310	1;0	6869;6626	0;0	1;3	
40	311	6856;6618	1;2	15;16	0;0	
41	312	2;1	0;1	6947;7092	1;2	
42	313	2;4	0;2	7163;7345	5;2	
43	314	2;3	1;1	7230;7745	5;0	
44	315	0;14	17;29	6;4	7212;7788	
45	316	0;0	7243;7864	1;0	2;3	
46	317	0;0	5;4	2;0	7321;7877	
47	318	5;5	0;1	7453;8655	1;0	
48	319	8077;8694	0;8	13;17	0;0	
49	320	3;2	0;0	8088;8813	0;0	
50	321	0;3	9;18	0;1	8124;8785	
51	322	0;4	0;0	8128;8813	1;0	
52	323	8157;8850	0;5	23;16	1;3	
53	324	8170;8883	2;0	6;12	1;1	
54	325	4;5	0;5	8166;8893	1;1	
55	326	1;1	8852;8910	2;0	3;3	
56	327	1;4	8890;8914	0;0	8;5	
57	328	4;3	0;4	8894;8955	2;1	
58	329	0;1	9025;9000	0;0	2;2	
59	330	1;3	17;30	1;3	9107;8973	
60	331	1;3	9179;9239	0;1	3;1	
61	332	2;6	0;1	9183;9284	1;0	
62	333	0;1	38;50	2;2	9303;9462	
63	334	0;1	13;16	3;3	9369;9503	
64	335	1;1	1;0	9378;9522	2;2	
65	336	2;4	1;1	9745;9538	1;3	
66	337	10074;9524	0;8	19;13	0;1	
67	338	10088;9578	3;2	16;13	1;1	
68	339	1;3	10456;9824	0;0	3;3	
69	340	1;1	27;24	3;1	10426;9826	
70	341	1;3	10597;9912	0;0	2;4	
71	342	0;1	10663;9920	1;0	1;3	
72	343	10678;9993	0;4	11;6	1;1	
73	344	10688;10067	0;2	12;10	1;0	
74	345	1;1	1;0	10700;10136	7;0	
75	346	0;1	1;1	10835;10165	3;2	
76	347	11141;10138	1;3	10;11	2;2	
77	348	11403;10156	0;3	14;20	0;0	
78	349	11454;10154	0;5	18;21	2;0	
79	350	11397;10191	4;5	53;24	12;1	
80	351	1;2	11480;10353	0;0	1;3	
81	352	0;1	11483;10396	0;0	2;3	
82	353	0;0	8;12	3;0	11471;10397	
83	354	1;1	18;16	14;9	11507;10398	
84	355	0;7	11543;10416	1;0	2;1	
85	356	3;2	23;18	4;1	11561;10774	
86	357	1;3	11616;11002	0;0	2;1	
87	358	7;4	0;4	11617;11059	1;0	
88	359	0;4	11747;11070	1;0	5;5	
89	360	1;1	19;15	0;2	11748;11063	
90	361	2;5	0;1	11762;11105	2;2	
91	362	2;3	0;0	11772;11156	1;3	
92	363	11761;11241	0;2	34;24	2;0	
93	364	1;4	11820;11249	0;1	3;2	
94	365	0;3	11798;11240	2;0	4;7	
95	366	1;2	11817;11399	0;0	2;4	
96	367	11803;11447	1;3	10;7	1;0	
97	368	3;3	0;1	11844;11797	0;1	
98	369	2;1	15;29	0;6	11988;11790	
99	370	3;0	1;1	12007;11910	2;0	
100	371	12008;11891	0;7	10;18	0;0	
101	372	12019;12005	0;3	11;15	0;0	
102	373	11953;11930	1;7	80;93	0;0	
103	374	12157;12021	0;1	6;8	0;0	
104	375	0;1	4;6	0;0	12235;11998	
105	376	1;8	0;1	12234;12043	1;3	
106	377	12320;12190	3;4	27;16	3;0	
107	378	0;3	12341;12290	0;1	5;4	
108	379	0;9	12321;12291	0;1	8;11	
109	380	2;8	12387;12302	2;1	3;4	
110	381	0;1	12766;12344	0;0	5;6	
111	382	12778;12381	0;3	7;7	0;0	
112	383	12735;12457	8;8	36;7	10;0	
113	384	2;4	12831;12685	0;0	3;3	
114	385	0;1	12853;12697	0;0	0;1	
115	386	3;2	25;27	6;0	12788;12649	
116	387	0;1	14;16	8;0	12905;12725	
117	388	0;1	24;18	5;0	12908;12739	
118	389	1;1	3;2	6;0	13554;14467	
119	390	2;5	13612;14498	0;0	2;3	
120	391	2;6	0;0	13617;14533	0;2	
121	392	1;2	61;54	1;1	13644;14494	
122	393	0;3	25;29	3;0	13651;14493	
123	394	7;7	0;2	13693;14715	4;1	
124	395	0;1	13985;14747	0;0	4;3	
125	396	13943;14742	2;4	30;20	3;2	
126	397	0;1	14034;15423	1;0	6;2	
127	398	0;0	24;29	1;1	13843;15278	
128	399	0;4	0;0	14189;18381	1;1	
129	400	0;1	15;21	0;1	14241;18531	
130	401	14253;18634	0;5	10;5	3;0	
131	402	5;2	28;30	2;1	14509;18578	
132	403	2;7	0;0	14401;18579	2;4	
133	404	14676;17958	0;11	19;24	0;2	
134	405	0;0	14;28	7;1	14646;17339	
135	406	2;1	16;18	7;0	14209;17350	
136	407	2;1	11;16	1;0	14218;17179	
137	408	0;1	6;12	1;0	12755;16916	
138	409	3;4	0;0	12752;16913	2;0	
139	410	2;6	13;28	3;4	12700;16828	
140	411	2;5	1;1	12717;16988	0;3	
141	412	13;16	0;1	12772;16969	3;3	
142	413	0;2	13423;17043	2;2	6;10	
143	414	2;5	13417;16704	0;0	6;8	
144	415	13316;16705	0;7	18;12	0;1	
145	416	1;4	1;3	13438;17561	0;1	
146	417	2;5	18;31	3;5	13682;16901	
147	418	3;6	1;0	13754;17387	0;0	
148	419	3;6	1;0	13766;17550	2;2	
149	420	13749;18086	1;12	20;31	4;9	
150	421	2;2	0;2	13802;18480	3;3	
151	422	13825;18551	0;13	16;23	0;5	
152	423	0;1	7;24	2;1	13831;18610	
153	424	13783;18617	1;5	8;15	0;0	
154	425	13442;18396	1;4	29;22	0;1	
155	426	0;3	14313;18592	0;0	1;0	
156	427	14202;18695	2;10	30;20	10;1	
157	428	0;2	14475;19856	0;1	2;3	
158	429	0;1	22;25	8;0	14114;19845	
159	430	0;6	14192;19872	0;0	4;6	
160	431	2;2	12;14	3;1	14072;19850	
161	432	14207;20361	0;12	10;9	1;1	
162	433	14203;20367	1;9	11;17	1;1	
163	434	5;6	0;1	14219;20720	4;2	
164	435	1;2	14655;20252	1;0	8;8	
165	436	14477;20222	1;4	18;21	3;2	
166	437	1;0	9;20	1;1	13782;20390	
167	438	13858;20804	0;4	7;14	1;2	
168	439	14403;21082	2;5	14;14	1;2	
169	440	0;6	14435;21008	0;0	5;2	
170	441	2;4	7;10	5;0	14321;20966	
171	442	14310;20969	0;3	3;4	0;1	
172	443	14058;20767	0;7	13;24	0;0	
173	444	14043;20684	0;7	13;26	0;1	
174	445	7;8	0;0	14077;20886	3;0	
175	446	2;2	0;0	14528;21059	2;2	
176	447	2;22	20;74	3;13	14284;20899	
177	448	6;2	1;1	14282;21094	5;2	
178	449	14416;20938	0;3	15;15	0;2	
179	450	14414;20866	0;6	17;28	3;1	
180	451	14414;20747	2;5	17;27	1;0	
181	452	14344;20725	0;2	48;71	0;3	
182	453	1;2	0;1	14407;21130	4;5	
183	454	0;6	14470;21164	0;1	6;9	
184	455	2;2	23;45	17;2	14322;21132	
185	456	2;7	14467;21011	1;0	8;6	
186	457	1;8	14517;20847	1;1	3;5	
187	458	6;9	0;1	14503;20884	6;1	
188	459	6;9	0;2	14531;20937	5;1	
189	460	3;1	1;0	14785;21871	3;3	
190	461	0;22	25;70	2;40	14791;21814	
191	462	1;3	14777;21313	1;1	2;1	
192	463	0;0	30;43	2;1	15456;21272	
193	464	0;0	19;25	4;1	15497;21304	
194	465	15508;20955	0;4	19;13	0;0	
195	466	3;3	2;3	15579;21392	3;4	
196	467	8;11	0;3	15757;21808	6;3	
197	468	1;5	16125;21164	1;2	3;4	
198	469	0;1	28;52	6;1	15450;21059	
199	470	15611;21230	0;2	10;14	1;2	
200	471	2;1	14;17	4;1	15598;21250	
201	472	15624;21445	0;13	10;14	0;0	
202	473	15679;21507	0;8	16;17	1;1	
203	474	5;3	12;16	9;0	15626;21918	
204	475	0;4	15410;21934	0;0	1;3	
205	476	14968;21878	2;7	41;39	6;4	
206	477	1;2	15069;22408	1;1	2;3	
207	478	15081;22426	0;8	11;11	0;0	
208	479	15082;22997	2;12	20;42	1;0	
209	480	1;1	12;19	8;0	15030;23041	
210	481	4;7	0;1	15011;23701	3;1	
211	482	6;13	0;3	15060;23558	7;1	
212	483	7;6	3;0	15047;23786	12;1	
213	484	12;8	0;0	15287;23785	5;1	
214	485	15263;23781	2;7	25;34	3;4	
215	486	14924;23933	1;8	19;29	0;1	
216	487	0;0	18;25	3;1	14864;23942	
217	488	4;10	0;0	14579;24245	3;1	
218	489	19;21	22;47	14623;25062	4;0	
219	490	3;27	31;82	1;20	14325;24821	
220	491	12;21	0;1	14348;25079	2;0	
221	492	1;5	26;53	7;7	14205;24969	
222	493	3;7	0;0	14151;25022	5;0	
223	494	14555;24949	0;3	15;21	0;1	
224	495	14401;24852	1;5	13;28	1;2	
225	496	10;7	0;2	14376;24954	4;3	
226	497	1;6	14559;24920	1;0	4;7	
227	498	2;7	14355;24897	1;1	8;7	
228	499	1;9	14116;24853	2;0	1;3	
229	500	14045;24832	0;8	8;15	2;6	
230	501	14439;24961	1;13	19;28	1;1	
231	502	14428;24898	7;8	21;28	1;0	
232	503	1;3	14669;24948	0;0	6;6	
233	504	3;3	14657;24951	1;0	4;6	
234	505	14805;24913	0;3	16;21	0;0	
235	506	14835;24965	1;5	5;7	1;1	
236	507	14860;24639	0;10	12;17	0;0	
237	508	14916;24419	0;16	12;23	0;0	
238	509	15035;24390	0;5	12;26	0;1	
239	510	1;4	3;12	9;0	15414;24391	
240	511	3;3	0;1	15424;24607	1;3	
241	512	9;13	0;0	15405;24639	4;3	
242	513	1;6	15402;24543	2;1	6;16	
243	514	4;15	15441;24563	4;0	1;9	
244	515	15804;24586	0;2	14;12	0;0	
245	516	15799;24758	1;8	13;15	3;1	
246	517	2;6	0;5	15820;24813	2;3	
247	518	6;18	1;0	15820;24939	4;1	
248	519	1;8	15814;24538	1;0	5;5	
249	520	0;2	26;45	4;1	17291;24481	
250	521	5;10	2;3	17304;24554	4;2	
251	522	9;12	0;3	17309;24685	6;3	
252	523	5;8	2;2	17439;25176	2;2	
253	524	1;18	69;96	2;17	17335;25118	
254	525	1;11	17485;25242	1;0	1;3	
255	526	4;13	17337;25165	1;1	12;12	
256	527	2;7	17280;25025	3;0	10;11	
257	528	17298;25055	0;3	10;24	1;1	
258	529	17279;25143	4;10	34;33	3;2	
259	530	4;3	2;2	17303;25227	0;2	
260	531	1;5	17367;25714	0;3	2;5	
261	532	17141;25614	8;21	8;9	2;4	
262	533	17196;25664	3;4	41;38	3;2	
263	534	1;0	17246;25486	0;0	1;7	
264	535	1;1	14;18	5;2	17226;25477	
265	536	17242;25956	6;1	16;10	6;2	
266	537	1;5	17373;26145	0;0	5;4	
267	538	17224;26081	1;3	19;34	3;4	
268	539	3;3	15;24	14;1	17169;26104	
269	540	0;4	16787;24372	0;0	5;7	
270	541	16762;24370	7;14	38;23	4;0	
271	542	1;5	16771;24431	0;1	8;9	
272	543	8;18	2;1	16688;24419	10;1	
273	544	2;4	16746;24566	5;0	1;9	
274	545	3;8	16560;24534	0;1	4;11	
275	546	16433;24922	1;7	19;17	1;1	
276	547	6;9	0;2	16448;25031	0;2	
277	548	8;17	61;84	4;2	17301;24261	
278	549	1;9	17536;21142	1;0	199;229	
279	550	17690;21358	0;2	24;23	3;1	
280	551	17647;21385	3;6	17;17	2;4	
281	552	1;5	17654;21340	0;0	2;5	
282	553	17335;21319	0;10	17;24	1;0	
283	554	1;2	0;1	17476;22388	0;3	
284	555	0;7	68;122	3;3	17782;22062	
285	556	1;2	17861;22067	3;0	4;3	
286	557	2;6	35;52	2;2	17802;22018	
287	558	6;9	1;1	17786;22422	6;4	
288	559	4;4	0;3	17966;22555	5;2	
289	560	18447;22519	1;3	30;37	1;2	
290	561	1;2	0;5	18468;22669	5;1	
291	562	19600;22494	0;4	67;83	1;1	
292	563	18841;22374	1;12	17;25	0;0	
293	564	19237;22384	5;5	54;48	4;0	
294	565	2;1	19311;22444	0;2	2;2	
295	566	19903;22435	5;0	48;20	9;0	
296	567	0;8	20229;22376	0;1	1;3	
297	568	8;8	20;38	27;2	20092;22406	
298	569	1;10	20570;22712	2;0	6;5	
299	570	1;7	20559;21762	1;0	4;7	
300	571	5;16	34;47	5;1	20492;21806	
301	572	5;1	1;1	20529;22010	7;0	
302	573	12;16	0;2	20514;22151	6;2	
303	574	4;15	30;60	2;9	20510;22171	
304	575	21558;22427	6;5	53;15	8;2	
305	576	1;2	21384;22862	0;0	7;8	
306	577	1;6	20483;22548	2;0	4;5	
307	578	20367;22552	1;5	11;17	5;1	
308	579	3;1	25;30	31;24	20225;21203	
309	580	45;53	0;4	20148;21221	2;6	
310	581	8;16	0;10	20368;21624	5;20	
311	582	6;12	0;9	20418;21768	4;6	
312	583	5;9	20452;21521	1;0	13;13	
313	584	4;7	20364;20985	3;0	7;6	
314	585	1;2	26;37	4;0	20179;20884	
315	586	2;3	0;1	20295;21549	2;0	
316	587	3;6	44;58	7;4	20287;21524	
317	588	7;8	0;2	20365;21868	3;1	
318	589	3;2	56;62	7;1	20313;21312	
319	590	3;3	19824;21034	3;0	5;0	
320	591	3;11	19820;21188	0;0	9;5	
321	592	2;6	19716;21177	1;0	10;17	
322	593	15;18	0;2	19700;21184	4;3	
323	594	1;6	19777;21211	0;0	2;4	
324	595	19317;21141	0;2	9;7	1;1	
325	596	19320;21002	1;10	12;9	0;0	
326	597	0;1	10;10	8;0	19074;20836	
327	598	6;12	0;1	19080;20979	8;2	
328	599	2;5	19471;20858	0;0	115;127	
329	600	2;9	20105;20960	1;2	8;12	
330	601	10;11	0;0	20112;21116	1;0	
331	602	2;1	20212;20772	3;2	3;5	
332	603	1;0	22;33	5;5	20225;20739	
333	604	2;4	1;1	20375;21741	0;1	
334	605	20286;21860	0;7	20;21	4;4	
335	606	2;5	0;0	20350;22342	1;1	
336	607	1;9	19;51	3;4	20448;22340	
337	608	20361;22387	0;1	15;13	0;1	
338	609	2;2	33;33	14;1	20458;22341	
339	610	22;27	20566;21728	0;0	1;3	
340	611	3;2	30;33	3;1	20523;21742	
341	612	8;7	0;0	20560;22007	3;0	
342	613	2;5	20782;21944	3;2	8;5	
343	614	1;0	26;30	10;2	19953;21804	
344	615	1;0	0;0	19969;21964	3;1	
345	616	19769;21922	2;14	34;25	3;1	
346	617	3;5	0;2	19802;21553	3;2	
347	618	2;3	19778;21102	1;0	6;6	
348	619	19249;21019	0;6	17;24	0;2	
349	620	5;6	1;1	19257;21089	3;1	
350	621	0;1	19270;20884	2;1	10;7	
351	622	6;12	0;1	19267;20913	3;0	
352	623	10;4	0;0	19262;20905	3;1	
353	624	58;67	1;1	20110;20908	5;0	
354	625	20545;20764	0;12	24;24	4;5	
355	626	0;0	18;23	9;0	20486;20759	
356	627	1;1	20499;20336	2;1	4;8	
357	628	20469;20353	2;7	12;13	0;0	
358	629	20451;20378	0;5	16;10	2;2	
359	630	1;1	28;31	7;0	20496;19735	
360	631	10;9	1;5	20476;19764	1;3	
361	632	12;11	1;5	20445;19107	10;2	
362	633	0;2	20321;18839	4;1	16;7	
363	634	20089;18804	1;6	33;30	0;0	
364	635	11;6	0;1	20125;18949	5;0	
365	636	3;3	20278;18852	4;0	7;3	
366	637	1;3	49;57	7;1	20249;19268	
367	638	0;1	31;14	6;1	20261;19342	
368	639	1;4	20332;18133	1;1	6;8	
369	640	2;1	17;18	10;1	20490;18130	
370	641	1;0	28;31	4;1	20504;18158	
371	642	5;6	1;2	20454;17963	4;1	
372	643	4;3	1;3	20477;18320	2;3	
373	644	0;10	46;88	4;7	20142;18220	
374	645	27;25	0;1	20159;18483	3;1	
375	646	2;0	20228;18380	4;2	12;6	
376	647	8;3	1;2	20245;18601	1;0	
377	648	1;7	16;35	2;5	20280;18581	
378	649	5;3	0;0	20290;18643	2;0	
379	650	20258;18682	1;3	23;21	1;2	
380	651	3;4	0;1	20291;18973	3;0	
381	652	20115;19237	2;7	35;29	0;1	
382	653	4;3	0;0	20139;19307	2;2	
383	654	2;3	29;49	10;10	20227;19228	
384	655	6;2	0;1	20245;19315	3;0	
385	656	20529;19262	0;5	29;32	6;7	
386	657	6;6	0;0	20596;19590	0;0	
387	658	20547;19549	2;8	40;43	4;5	
388	659	7;8	1;0	20488;19612	2;1	
389	660	2;5	20340;19598	1;1	4;2	
390	661	19789;19536	0;8	14;11	0;0	
391	662	3;1	0;0	20009;21317	5;0	
392	663	4;7	33;36	11;3	20167;21366	
393	664	1;10	20226;21463	1;0	4;3	
394	665	0;4	20165;21046	0;0	4;2	
395	666	3;0	26;40	9;2	19759;20967	
396	667	3;6	0;1	19806;21304	3;2	
397	668	56;51	3;2	19819;21312	6;2	
398	669	3;2	19818;21291	3;1	14;6	
399	670	7;4	19582;21317	4;0	6;5	
400	671	18046;21051	0;8	30;45	3;3	
401	672	8;5	0;0	18063;21182	7;1	
402	673	18074;21045	0;10	27;28	1;1	
403	674	5;4	1;0	18099;20798	9;1	
404	675	12;11	1;2	18684;20911	1;0	
405	676	2;10	39;73	10;17	18454;20797	
406	677	0;7	18962;20896	0;1	2;6	
407	678	1;6	18867;20887	1;0	6;3	
408	679	18984;20993	0;10	23;24	1;0	
409	680	0;0	37;35	8;0	18947;20851	
410	681	1;5	18983;20286	1;0	2;3	
411	682	2;0	39;32	16;0	18923;20305	
412	683	2;5	18708;20271	1;2	5;3	
413	684	10;7	0;0	18601;20284	7;2	
414	685	1;6	18796;19557	0;0	3;2	
415	686	0;1	21;29	4;0	18816;19538	
416	687	4;4	0;0	18838;19774	3;0	
417	688	18836;19710	0;14	54;53	4;3	
418	689	0;0	0;0	18938;20399	8;0	
419	690	20918;20463	0;12	20;19	1;2	
420	691	0;1	8;9	6;1	20908;20786	
421	692	20842;20836	6;2	28;17	1;1	
422	693	0;2	20880;20896	0;1	2;3	
423	694	2;7	1;0	20830;20925	2;0	
424	695	21076;20870	0;20	29;35	2;2	
425	696	20730;20900	1;6	34;32	1;1	
426	697	14;15	0;1	20703;20652	4;4	
427	698	17;7	0;1	20095;20554	12;2	
428	699	5;6	0;1	20082;20666	2;0	
429	700	19993;20572	1;16	45;35	4;4	
430	701	50;58	0;0	20020;21025	2;0	
431	702	8;9	2;1	19956;21208	7;1	
432	703	4;10	0;1	20132;22289	5;0	
433	704	2;22	53;109	3;40	19646;21973	
434	705	11;13	2;1	19678;21605	4;0	
435	706	0;5	25;30	5;8	19674;21829	
436	707	19659;21871	4;1	33;17	5;1	
437	708	1;8	19703;22482	1;0	106;106	
438	709	1;1	19622;22516	1;0	9;10	
439	710	19316;22556	2;4	22;16	1;2	
440	711	1;0	28;39	4;0	19120;23039	
441	712	1;0	4;3	5;0	18017;22836	
442	713	17981;22768	2;3	16;17	3;3	
443	714	1;4	17941;22715	0;0	1;6	
444	715	17438;22640	0;8	19;15	0;0	
445	716	2;7	0;0	17431;23088	5;1	
446	717	15;22	0;1	17259;23715	6;1	
447	718	17329;22520	1;18	49;64	2;2	
448	719	4;2	25;29	9;5	17200;22522	
449	720	1;0	16961;22203	0;0	6;6	
450	721	16988;22201	0;4	11;15	0;0	
451	722	19454;22391	4;8	29;26	3;2	
452	723	0;3	21142;22260	1;1	2;5	
453	724	23708;22218	17;2	72;43	15;2	
454	725	0;0	23990;21422	0;0	3;2	
455	726	3;1	18;11	5;3	22834;21267	
456	727	15;9	0;0	22925;21659	1;1	
457	728	1;5	23038;21671	1;0	1;6	
458	729	1;0	55;40	16;3	22941;21652	
459	730	2;0	39;35	18;0	23040;21732	
460	731	1;0	23020;21104	2;0	9;7	
461	732	1;0	33;32	12;0	22938;21065	
462	733	9;4	0;2	22963;21117	10;1	
463	734	22892;21084	0;9	24;26	1;0	
464	735	0;1	34;30	5;3	23439;21105	
465	736	8;9	1;3	23074;21180	2;2	
466	737	25;15	0;0	23026;20571	5;1	
467	738	1;2	23268;20315	3;2	8;12	
468	739	23214;20323	1;3	20;15	0;2	
469	740	23224;20354	2;5	73;42	3;3	
470	741	5;2	2;1	23483;21008	5;3	
471	742	1;5	24007;21575	0;0	10;6	
472	743	2;1	62;52	11;3	23938;21579	
473	744	3;6	24139;21749	3;0	8;4	
474	745	0;0	27;25	8;1	24042;21742	
475	746	24021;21754	11;6	85;54	16;1	
476	747	1;1	24145;21830	0;0	13;8	
477	748	11;7	0;2	24102;21846	6;2	
478	749	3;3	59;47	12;4	24051;21708	
479	750	1;3	23766;21528	0;0	4;5	
480	751	7;2	47;43	17;2	23058;21528	
481	752	0;8	23482;21693	4;1	1;3	
482	753	0;3	23393;20769	2;0	2;5	
483	754	5;0	39;38	19;0	23387;21118	
484	755	1;7	23447;21118	1;0	6;6	
485	756	1;3	23482;20668	4;0	11;6	
486	757	6;5	0;0	23466;20672	6;2	
487	758	23438;20606	1;10	27;17	5;2	
488	759	3;3	0;2	23437;20627	2;1	
489	760	23261;20597	3;3	63;33	5;1	
490	761	4;8	0;3	23122;20061	3;3	
491	762	1;4	23090;19851	4;1	11;11	
492	763	2;10	22833;19883	6;0	15;8	
493	764	19;17	0;1	22814;19955	2;0	
494	765	1;0	23132;20661	1;0	5;6	
495	766	1;1	48;52	10;1	23221;20662	
496	767	3;3	23;18	6;1	23371;21206	
497	768	3;3	23411;21186	0;0	2;3	
498	769	23360;21172	0;1	36;26	0;0	
499	770	23517;21161	7;12	41;23	3;2	
500	771	0;2	23956;21173	0;1	9;6	
501	772	23565;21228	85;2	175;40	29;3	
502	773	1;3	24126;21166	1;0	5;5	
503	774	1;5	23171;20949	0;1	8;12	
504	775	2;1	23526;20633	1;0	5;9	
505	776	3;1	32;37	8;0	23156;20578	
506	777	3;0	1;0	23205;20758	3;3	
507	778	10;10	1;4	23360;20779	4;3	
508	779	1;2	23588;20746	0;0	14;13	
509	780	1;4	23628;20742	0;0	16;14	
510	781	6;5	1;0	23546;20795	2;2	
511	782	23450;20848	2;34	19;12	4;4	
512	783	10;3	0;0	23459;20946	5;1	
513	784	0;8	43;75	5;8	23769;20845	
514	785	1;0	34;28	4;2	23929;20921	
515	786	10;7	2;2	23785;20732	5;2	
516	787	19;11	0;4	23827;20961	0;2	
517	788	5;8	62;77	0;4	23823;20466	
518	789	7;3	54;46	6;0	23651;20331	
519	790	1;5	23826;20357	0;1	6;13	
520	791	23667;20341	2;3	17;20	0;0	
521	792	1;2	21;27	5;1	23882;20725	
522	793	2;4	23889;20360	2;1	9;14	
523	794	23944;20360	0;6	24;18	4;3	
524	795	4;3	109;104	15;3	23802;20706	
525	796	0;2	23585;20553	0;0	4;5	
526	797	23606;20985	1;9	17;18	1;0	
527	798	4;0	314;295	10;0	23288;20562	
528	799	2;1	34;20	24;0	23513;20815	
529	800	1;2	23587;20777	0;0	7;4	
530	801	24207;20735	0;3	30;27	1;0	
531	802	24216;20584	2;5	32;27	1;0	
532	803	1;7	24253;20067	1;0	7;8	
533	804	14;14	0;0	23879;20019	4;1	
534	805	7;7	0;0	23884;20104	2;1	
535	806	5;9	30;92	4;17	25089;19879	
536	807	7;9	0;1	25098;20007	6;1	
537	808	11;11	1;2	25101;19712	4;2	
538	809	2;4	25289;19778	1;0	17;16	
539	810	3;4	25346;19807	2;1	9;7	
540	811	21;12	0;0	25247;19820	4;2	
541	812	25250;19797	6;10	40;15	6;5	
542	813	0;3	25539;17874	1;0	5;6	
543	814	17;16	0;2	25372;17877	10;0	
544	815	12;7	4;6	25437;17923	9;1	
545	816	10;8	0;3	25589;18140	2;3	
546	817	3;4	27026;17923	0;0	9;9	
547	818	5;0	41;41	7;0	28022;17934	
548	819	0;1	28187;18397	1;0	5;4	
549	820	28194;18405	5;9	12;8	3;2	
550	821	3;1	15;20	7;1	28222;18602	
551	822	1;3	28241;18526	0;1	7;7	
552	823	27991;18535	24;7	133;34	23;2	
553	824	1;3	28107;18340	1;0	6;4	
554	825	2;4	27583;18140	0;0	12;12	
555	826	27396;18176	13;6	106;46	13;1	
556	827	0;2	27511;18212	0;0	3;4	
557	828	15;14	3;0	26972;18140	6;2	
558	829	1;2	27155;18195	1;0	13;6	
559	830	3;5	66;50	21;5	26958;18133	
560	831	2;1	27293;19436	1;1	10;2	
561	832	4;2	27222;19441	1;0	8;9	
562	833	27157;19448	1;7	25;18	1;1	
563	834	3;2	41;22	12;0	27583;19419	
564	835	0;0	16;16	9;0	27457;19392	
565	836	27542;19591	1;5	17;12	4;0	
566	837	4;4	29;15	18;0	27528;19595	
567	838	0;4	27485;19346	0;0	9;3	
568	839	0;2	27227;18710	1;2	6;5	
569	840	25236;18427	2;3	40;17	2;0	
570	841	11;4	0;5	25268;18580	12;13	
571	842	1;8	25287;18320	0;0	6;6	
572	843	2;4	25255;18216	3;1	9;7	
573	844	6;13	25587;18182	1;1	9;11	
574	845	2;5	25378;17833	1;0	5;3	
575	846	25341;17818	2;10	17;11	0;0	
576	847	25347;17824	0;14	10;5	1;0	
577	848	25290;17666	1;7	40;31	0;1	
578	849	2;2	0;3	25285;17712	7;3	
579	850	2;5	25049;17477	2;0	10;7	
580	851	14;4	0;3	24963;17480	10;2	
581	852	1;4	24992;17122	1;0	9;4	
582	853	24925;17110	2;4	34;20	1;0	
583	854	24910;16121	1;3	54;23	6;0	
584	855	1;2	25146;15835	0;0	8;3	
585	856	25046;15812	2;7	30;10	1;1	
586	857	25045;15704	1;4	17;10	0;0	
587	858	13;4	1;3	24983;15783	8;1	
588	859	2;4	25147;14764	1;1	15;6	
589	860	6;4	25089;14680	1;0	9;7	
590	861	0;4	24803;14144	1;0	54;34	
591	862	24753;14188	14;4	57;25	6;1	
592	863	0;2	25004;13438	0;0	1;1	
593	864	2;2	16;18	3;0	24892;13636	
594	865	3;5	0;1	25521;18334	3;0	
595	866	3;1	64;48	12;3	25846;18811	
596	867	0;0	25781;18979	1;1	4;0	
597	868	0;1	20;30	6;0	25690;18944	
598	869	25590;19063	0;7	55;32	1;1	
599	870	3;2	26;19	8;4	25764;19071	
600	871	11;10	1;1	25703;19043	6;0	
601	872	14;5	1;2	25527;19246	6;0	
602	873	0;6	47;83	6;5	23095;18611	
603	874	5;6	0;1	21397;18505	2;2	
604	875	5;6	25;49	10;5	18560;18143	
605	876	7;9	1;0	18520;18478	4;1	
606	877	3;2	33;37	18;1	18780;18541	
607	878	0;2	19183;18220	0;1	5;1	
608	879	2;10	19218;18321	0;1	2;7	
609	880	5;11	19799;18261	1;0	12;12	
610	881	2;9	19715;18225	1;0	4;4	
611	882	1;2	19588;18267	2;0	5;7	
612	883	19490;18418	1;8	48;44	3;0	
613	884	19501;18526	1;3	64;47	5;7	
614	885	0;4	19325;18379	2;0	181;179	
615	886	1;0	12;16	15;0	19136;18497	
616	887	19107;18507	3;10	25;9	3;2	
617	888	0;5	19263;18518	0;2	6;11	
618	889	6;4	1;0	19225;18537	6;1	
619	890	19170;18496	4;13	71;64	5;4	
620	891	2;1	19219;18159	2;0	3;5	
621	892	18968;18177	0;9	15;8	1;0	
622	893	18712;17418	0;9	200;184	2;2	
623	894	3;1	0;0	18914;17863	1;0	
624	895	1;10	31;62	20;8	18775;17643	
625	896	4;6	1;1	18805;17764	3;1	
626	897	12;13	1;1	19080;17760	5;2	
627	898	8;10	0;1	19095;17787	8;1	
628	899	19030;17799	2;3	44;22	2;3	
629	900	2;3	0;1	18992;17809	2;0	
630	901	18969;17797	0;6	45;37	0;1	
631	902	0;0	22;14	8;2	18923;17721	
632	903	8;3	0;0	18580;17574	3;0	
633	904	4;7	0;1	18572;17604	4;1	
634	905	18469;17224	0;11	29;39	2;0	
635	906	18427;17199	5;6	58;39	2;2	
636	907	2;0	18315;17277	1;0	45;44	
637	908	13;9	1;1	18292;17404	0;1	
638	909	0;0	18318;17458	3;0	4;7	
639	910	18227;17437	6;4	73;26	5;3	
640	911	1;4	18283;17464	4;0	11;8	
641	912	16;17	0;0	18246;17529	1;0	
642	913	7;9	0;0	18316;17953	3;2	
643	914	18228;17905	4;7	34;25	4;3	
644	915	1;2	18308;17355	0;1	7;4	
645	916	18645;17348	1;6	14;12	4;3	
646	917	4;1	18;19	11;0	18557;17616	
647	918	2;5	18597;17183	3;2	20;15	
648	919	18535;17264	16;3	56;35	11;1	
649	920	1;1	18653;17632	1;0	4;6	
650	921	0;1	18514;17590	2;0	5;3	
651	922	18105;17634	1;4	17;29	0;4	
652	923	0;1	18;21	9;0	18022;17555	
653	924	3;3	0;0	17752;17436	0;0	
654	925	17869;17426	1;6	40;31	4;3	
655	926	17479;17550	1;4	41;27	0;0	
656	927	4;3	0;2	17490;17784	3;1	
657	928	0;6	17529;17646	1;0	4;3	
658	929	17325;17607	2;2	58;32	1;0	
659	930	0;2	17380;17670	1;0	12;13	
660	931	17250;17669	2;4	29;18	2;2	
661	932	17230;17840	1;8	72;68	1;0	
662	933	2;2	0;0	17290;17857	4;2	
663	934	2;2	17871;17728	5;0	2;3	
664	935	1;2	14;19	12;1	18239;17676	
665	936	7;9	0;3	18084;17735	1;2	
666	937	6;3	0;0	18070;17803	7;2	
667	938	7;12	0;0	18188;17578	6;1	
668	939	4;1	18210;17584	3;0	10;11	
669	940	17;22	2;3	18130;17561	5;0	
670	941	4;7	0;0	18249;17569	7;0	
671	942	8;7	0;1	18186;17569	3;0	
672	943	8;7	1;1	18227;17903	14;1	
673	944	10;12	0;0	18224;17986	4;1	
674	945	6;3	18428;17650	7;0	9;8	
675	946	2;5	18392;17663	6;1	11;9	
676	947	18271;17687	3;0	21;22	4;3	
677	948	5;4	0;1	18490;19001	6;0	
678	949	2;15	45;70	7;10	18487;18996	
679	950	18636;19310	4;4	36;15	5;2	
680	951	2;6	18593;19300	1;0	14;20	
681	952	21;19	0;0	17754;19290	3;1	
682	953	8;2	0;1	18635;19250	2;0	
683	954	9;7	0;1	18645;19245	5;0	
684	955	5;5	2;1	18711;19615	2;0	
685	956	18575;19517	1;18	5;10	3;3	
686	957	4;2	0;0	16725;19499	7;1	
687	958	1;4	0;2	16887;21121	2;1	
688	959	1;19	31;99	3;29	16864;21020	
689	960	4;6	1;1	17056;22622	1;1	
690	961	1;3	21;42	2;10	17109;22655	
691	962	17140;22746	4;11	21;23	1;0	
692	963	0;4	17141;22777	0;2	10;9	
693	964	10;12	0;2	16851;22737	0;0	
694	965	17058;22685	0;8	20;33	2;4	
695	966	13;14	0;0	16861;22619	2;1	
696	967	6;5	0;0	15368;22284	2;0	
697	968	4;17	0;0	15378;22227	5;2	
698	969	3;4	14234;21700	2;0	8;13	
699	970	9;7	0;0	14246;21880	2;0	
700	971	2;9	14;53	5;19	14253;21841	
701	972	5;8	0;0	14270;21847	1;0	
702	973	1;3	32;73	11;6	14241;21769	
703	974	4;8	0;2	14273;21835	1;0	
704	975	4;11	0;1	14333;22424	4;0	
705	976	14698;22461	1;22	5;11	1;2	
706	977	14655;22398	0;10	41;65	0;2	
707	978	4;3	0;1	14682;22608	1;1	
708	979	14706;22827	0;3	21;38	0;1	
709	980	17126;22906	0;4	13;22	1;2	
710	981	17235;22946	1;7	36;53	1;1	
711	982	0;0	2;7	11;0	17285;21882	
712	983	17242;21863	2;8	20;18	3;0	
713	984	0;4	17241;21917	1;2	6;7	
714	985	16682;21813	1;12	30;32	0;0	
715	986	6;9	0;1	16787;22375	2;1	
716	987	6;10	17572;22173	4;0	7;11	
717	988	0;6	17812;22188	0;1	3;4	
718	989	0;2	43;44	12;0	17601;22134	
719	990	2;4	1;1	17672;22394	4;1	
720	991	17957;22375	0;6	31;41	4;3	
721	992	0;2	18010;22183	1;0	4;6	
722	993	11;14	1;0	17936;22170	6;2	
723	994	6;8	1;0	17993;22186	1;1	
724	995	4;27	37;76	7;40	17544;21961	
725	996	5;9	1;1	17585;22150	3;4	
726	997	6;9	0;1	17649;22336	9;2	
727	998	7;15	18362;22345	4;0	9;10	
728	999	1;7	18534;22396	3;4	7;11	
729	1000	6;5	2;1	18555;22511	1;0	
730	1001	4;3	32;59	5;16	18527;22445	
731	1002	6;6	2;0	18561;22522	4;0	
732	1003	18557;22316	0;12	6;12	3;1	
733	1004	18497;22264	0;17	62;63	0;3	
734	1005	5;3	0;1	18549;22452	8;1	
735	1006	19049;22354	8;12	57;37	3;3	
736	1007	0;4	19215;22886	1;0	11;14	
737	1008	0;14	19200;22751	1;2	5;6	
738	1009	0;1	19;23	11;1	19226;22773	
739	1010	1;3	13;14	7;0	19278;22824	
740	1011	14;11	0;1	19282;22885	6;0	
741	1012	19335;22999	0;10	30;44	1;3	
742	1013	19325;22971	1;14	28;40	2;1	
743	1014	2;2	0;1	19219;22746	6;0	
744	1015	4;3	0;0	19168;22641	2;1	
745	1016	18501;17799	2;5	38;55	1;4	
746	1017	1;4	0;1	18548;17871	6;1	
747	1018	5;4	0;1	20132;17768	1;1	
748	1019	20143;17910	2;7	42;47	3;2	
749	1020	8;1	20023;18074	200;174	8;4	
750	1021	19981;18223	6;3	89;67	5;0	
751	1022	3;3	20302;18820	2;2	7;7	
752	1023	2;8	20165;18822	0;0	48;47	
753	1024	20131;18884	2;3	31;25	2;0	
754	1025	3;2	19;17	5;1	20286;18837	
755	1026	3;8	0;0	20166;18869	4;1	
756	1027	7;8	1;2	20178;18611	2;1	
757	1028	21715;18614	1;15	33;33	5;7	
758	1029	8;4	0;0	21259;18875	4;1	
759	1030	11;11	0;0	21302;18994	4;1	
760	1031	3;21	30;73	8;27	20607;18817	
761	1032	13;8	0;0	20614;18947	7;0	
762	1033	5;4	0;0	20660;18967	1;0	
763	1034	20663;18781	2;4	12;9	4;1	
764	1035	20558;18619	2;4	79;67	2;0	
765	1036	4;1	0;0	20606;18637	3;0	
766	1037	20419;18569	1;15	33;17	0;1	
767	1038	0;1	0;1	20460;18864	4;0	
768	1039	1;8	31;45	8;8	20159;18760	
769	1040	1;1	44;28	25;1	20133;18830	
770	1041	1;0	20211;18846	0;0	2;3	
771	1042	1;1	29;28	4;0	20180;18826	
772	1043	2;2	24;24	1;0	20192;18842	
773	1044	4;4	0;0	20217;18878	3;1	
774	1045	20356;18612	1;8	43;39	0;0	
775	1046	20401;18653	1;2	12;10	2;0	
776	1047	19982;18512	0;7	53;55	4;0	
777	1048	2;3	0;1	20026;18571	5;1	
778	1049	20013;18578	0;12	32;28	2;0	
779	1050	19860;18578	1;8	32;33	2;0	
780	1051	17;9	0;3	19863;18632	7;0	
781	1052	1;5	20319;18534	1;0	7;9	
782	1053	3;1	20;16	1;1	20268;18539	
783	1054	6;6	0;0	20264;18602	5;1	
784	1055	4;2	20241;18590	2;0	30;19	
785	1056	20221;18588	1;1	44;39	2;3	
786	1057	4;3	0;0	20301;19012	6;0	
787	1058	3;4	50;67	15;4	20247;18965	
788	1059	2;3	20323;19105	1;0	3;4	
789	1060	20499;19105	1;3	33;27	1;0	
790	1061	0;1	19;24	6;0	20456;19118	
791	1062	5;4	0;0	20472;19148	2;0	
792	1063	20545;19109	0;7	45;45	1;2	
793	1064	20583;18730	1;3	6;8	0;1	
794	1065	20498;18669	0;9	68;63	1;1	
795	1066	2;1	0;0	20457;18531	8;0	
796	1067	20312;18532	3;6	44;42	2;2	
797	1068	10;12	1;0	20258;18540	6;1	
798	1069	20905;18541	2;7	42;43	3;5	
799	1070	6;0	9;3	14;0	21935;18547	
800	1071	1;2	21961;18315	1;2	3;3	
801	1072	21864;18300	0;3	32;26	0;1	
802	1073	22478;18205	1;5	20;14	1;2	
803	1074	22469;18178	8;2	42;40	5;3	
804	1075	1;8	22518;18280	0;1	9;12	
805	1076	22085;18353	78;1	128;21	46;3	
806	1077	2;3	22455;19172	1;2	4;4	
807	1078	1;3	22426;19179	1;0	7;8	
808	1079	2;2	22397;19169	2;0	9;7	
809	1080	1;1	14;15	4;0	22378;19157	
810	1081	22392;19395	1;4	17;7	1;3	
811	1082	22403;19724	12;2	40;13	8;0	
812	1083	0;3	22691;19434	2;1	1;5	
813	1084	2;6	22687;19345	1;0	10;4	
814	1085	7;1	27;26	6;1	22010;19261	
815	1086	6;4	1;5	21273;19205	6;3	
816	1087	12;7	0;4	21357;19536	3;1	
817	1088	1;10	48;56	1;6	21389;19454	
818	1089	3;9	0;1	21416;19497	4;2	
819	1090	1;7	21268;19493	0;0	13;11	
820	1091	20964;19438	1;4	17;20	3;2	
821	1092	8;10	0;0	20976;19628	1;1	
822	1093	2;12	21123;19050	0;0	9;7	
823	1094	0;6	27;23	16;3	21167;19802	
824	1095	2;3	21222;20120	5;0	1;4	
825	1096	0;3	20873;20026	3;1	4;4	
826	1097	2;2	20;27	9;6	20834;20001	
827	1098	1;5	32;31	2;1	21607;19999	
828	1099	6;4	1;1	21619;18345	2;1	
829	1100	6;5	1;1	21633;18363	3;3	
830	1101	11;12	1;4	21491;18308	6;2	
831	1102	4;8	1;1	21626;18448	1;0	
832	1103	1;6	44;53	9;11	20826;18183	
833	1104	1;3	20875;17890	2;1	24;18	
834	1105	1;0	21;21	7;2	20912;17884	
835	1106	6;8	0;0	20947;18150	1;2	
836	1107	0;3	21166;17984	2;0	12;15	
837	1108	21211;18036	26;0	66;18	16;0	
838	1109	2;6	21269;16573	4;2	9;11	
839	1110	1;8	21034;15114	6;0	4;4	
840	1111	1;6	20894;15145	6;0	13;8	
841	1112	11;10	0;1	20884;15172	0;0	
842	1113	5;5	0;3	20871;15136	2;2	
843	1114	7;6	1;2	20855;15143	13;2	
844	1115	20466;15096	0;2	75;37	1;0	
845	1116	5;7	1;2	20511;15171	6;2	
846	1117	3;6	20533;15371	4;0	20;17	
847	1118	4;7	20553;15402	5;0	6;3	
848	1119	1;3	20509;15428	1;0	6;3	
849	1120	3;3	20471;15351	3;0	10;1	
850	1121	2;3	20439;15372	3;2	7;2	
851	1122	6;7	0;2	20657;17418	3;1	
852	1123	2;7	49;57	6;2	20730;17633	
853	1124	0;0	33;27	4;1	20750;17705	
854	1125	3;3	20837;17434	2;1	4;2	
855	1126	0;0	23;11	1;0	20390;17405	
856	1127	20573;17792	0;5	3;3	1;3	
857	1128	0;2	18;22	3;0	20574;17983	
858	1129	20534;17867	0;4	8;6	0;1	
859	1130	1;1	27;25	1;1	20440;17947	
860	1131	1;4	18031;17434	1;1	37;32	
861	1132	18004;17490	1;4	38;44	1;1	
862	1133	2;0	27;23	14;0	18050;17891	
863	1134	1;5	17827;17839	0;0	3;2	
864	1135	17734;17864	3;3	37;31	3;0	
865	1136	0;2	17789;17190	0;0	196;188	
866	1137	0;0	16;18	7;0	17625;17324	
867	1138	1;3	0;0	17624;17459	1;1	
868	1139	17281;17370	0;6	32;50	0;1	
869	1140	4;2	1;1	17389;18450	4;1	
870	1141	1;3	16;38	1;7	17317;18285	
871	1142	1;0	33;36	11;2	17088;18274	
872	1143	0;2	17116;18293	0;1	4;4	
873	1144	17032;18258	0;3	24;30	0;2	
874	1145	1;0	28;26	3;2	17008;18260	
875	1146	4;1	0;0	17033;18355	2;0	
876	1147	17273;19018	3;11	42;34	8;5	
877	1148	1;1	17277;19006	2;1	4;2	
878	1149	1;9	16563;18878	1;0	8;8	
879	1150	0;3	12;15	3;0	16317;18961	
880	1151	16370;19097	2;2	31;25	2;0	
881	1152	1;5	16380;19148	1;1	7;5	
882	1153	5;17	0;0	16378;19150	2;0	
883	1154	56;74	0;0	16324;19117	2;2	
884	1155	9;5	0;4	16411;19180	5;3	
885	1156	16007;18943	0;8	21;26	1;1	
886	1157	15868;18894	3;4	56;37	5;0	
887	1158	0;7	15927;18693	0;0	6;2	
888	1159	1;0	16287;20136	0;0	2;4	
889	1160	0;1	36;46	13;0	16219;20212	
890	1161	0;7	16610;20226	0;0	4;3	
891	1162	3;4	16601;19868	1;0	3;4	
892	1163	3;1	34;35	5;0	16524;19837	
893	1164	4;3	0;1	16573;20047	0;2	
894	1165	5;7	0;3	16897;20152	3;2	
895	1166	16960;20051	3;10	31;37	1;2	
896	1167	1;0	16973;20116	3;0	5;7	
897	1168	0;0	12;15	1;0	15421;19906	
898	1169	15707;22170	4;4	46;23	13;1	
899	1170	2;10	15760;21876	3;2	3;5	
900	1171	1;6	15818;21093	0;0	2;5	
901	1172	2;1	22;32	4;0	15850;21065	
902	1173	2;6	0;0	15765;21166	3;1	
903	1174	15822;21143	0;15	31;31	2;2	
904	1175	14;11	0;0	15828;21160	3;1	
905	1176	3;6	1;0	15897;21173	1;1	
906	1177	1;8	2;1	15888;21285	1;2	
907	1178	14119;20945	1;17	29;42	1;3	
908	1179	11;6	0;0	14152;21032	1;2	
909	1180	2;9	18;38	2;1	14487;20800	
910	1181	10;17	1;2	14495;20664	1;1	
911	1182	0;1	14483;20697	2;0	12;13	
912	1183	14603;20715	0;1	9;13	0;0	
913	1184	14600;20729	2;6	28;30	5;2	
914	1185	0;2	14701;20768	2;0	4;5	
915	1186	5;12	14577;20707	0;0	49;73	
916	1187	7;5	3;0	14616;20961	0;0	
917	1188	3;14	0;1	14602;20983	3;1	
918	1189	3;2	14608;20771	2;0	5;10	
919	1190	14564;20761	0;6	16;25	0;1	
920	1191	3;3	0;0	14566;20824	1;0	
921	1192	0;2	1;0	14623;21054	2;1	
922	1193	15022;21043	0;12	25;39	0;3	
923	1194	4;6	0;0	15062;21332	1;0	
924	1195	5;3	0;1	15043;21362	10;0	
925	1196	1;21	15;86	1;45	14836;21206	
926	1197	5;5	0;0	14828;21377	0;3	
927	1198	15117;21348	1;6	25;30	2;2	
928	1199	15109;21390	2;3	47;64	1;1	
929	1200	0;3	15173;21306	1;0	5;11	
930	1201	2;5	0;0	14876;21295	4;1	
931	1202	3;5	15275;21478	1;0	9;10	
932	1203	3;2	15169;21483	2;0	11;13	
933	1204	6;8	0;2	15165;21574	2;2	
934	1205	1;5	18;49	4;3	15145;21565	
935	1206	6;6	0;1	15137;21637	1;3	
936	1207	152;246	0;2	15071;21949	2;0	
937	1208	2;13	22;75	5;16	16365;21748	
938	1209	4;13	0;2	16350;21791	0;2	
939	1210	2;12	16414;22196	0;0	5;7	
940	1211	0;2	22;27	2;0	16219;22185	
941	1212	4;5	0;2	16378;23536	1;1	
942	1213	1;0	16547;23591	2;0	3;6	
943	1214	0;4	27;29	5;1	16446;23573	
944	1215	8;10	0;0	16588;24935	6;0	
945	1216	2;3	13;32	2;2	16290;24915	
946	1217	16332;24940	0;6	21;26	4;2	
947	1218	0;5	16499;24616	2;0	7;11	
948	1219	15749;24448	0;6	24;31	0;0	
949	1220	1;1	9;24	1;3	15757;24594	
950	1221	4;7	0;4	14659;24434	4;1	
951	1222	4;9	2;2	14849;24427	6;2	
952	1223	3;10	17484;24447	1;1	7;12	
953	1224	1;4	16827;24366	2;2	7;9	
954	1225	17210;24612	6;1	38;27	12;2	
955	1226	1;4	17481;23613	0;0	1;4	
956	1227	2;1	33;37	6;3	17645;23586	
957	1228	1;2	17685;23675	0;0	6;8	
958	1229	17460;23636	2;7	11;17	0;0	
959	1230	8;2	0;0	17488;23942	6;2	
960	1231	17664;23902	1;14	29;28	2;6	
961	1232	3;4	18;24	14;0	17871;23711	
962	1233	0;2	18899;23520	2;1	3;0	
963	1234	1;2	18;31	9;2	18720;23475	
964	1235	1;6	18653;23570	0;3	2;6	
965	1236	8;13	0;0	18635;23589	2;1	
966	1237	2;6	13;34	8;4	18669;23498	
967	1238	2;6	18674;23240	0;1	5;11	
968	1239	18427;23206	2;7	43;36	0;1	
969	1240	5;5	0;1	18587;24111	5;1	
970	1241	3;6	18746;24184	4;0	10;15	
971	1242	4;7	18699;24000	0;0	7;3	
972	1243	18719;24150	2;12	43;51	2;4	
973	1244	3;10	21;25	3;1	18648;24197	
974	1245	4;6	0;0	18698;23756	1;3	
975	1246	280;355	0;2	18595;23324	4;1	
976	1247	18827;23583	0;27	39;59	1;5	
977	1248	2;7	0;2	18846;23901	5;1	
978	1249	0;4	20;55	4;12	18069;23780	
979	1250	18160;24079	4;5	53;15	13;0	
980	1251	1;4	18238;23894	3;3	11;9	
981	1252	1;7	18063;23703	1;0	5;9	
982	1253	3;5	25;35	5;1	17976;23681	
983	1254	10;9	0;0	17836;23741	2;1	
984	1255	2;4	0;0	17792;23762	2;1	
985	1256	17725;23700	0;20	24;28	2;2	
986	1257	3;1	1;1	17663;23604	3;1	
987	1258	17867;23560	0;7	14;7	2;1	
988	1259	17602;23494	1;9	22;41	2;0	
989	1260	5;4	0;2	17626;23496	0;1	
990	1261	18320;23465	1;5	12;22	1;4	
991	1262	18328;23428	0;8	13;16	2;2	
992	1263	18267;23400	3;14	16;19	0;0	
993	1264	18359;23417	1;11	11;11	0;0	
994	1265	18523;23485	2;14	41;23	2;1	
995	1266	0;2	18558;23220	0;0	7;7	
996	1267	2;0	10;12	23;0	18465;23205	
997	1268	2;3	11;23	12;1	18445;23195	
998	1269	2;3	18944;23316	0;0	3;5	
999	1270	18877;23263	1;5	69;84	2;5	
1000	1271	6;6	37;37	14;1	18949;23308	
1001	1272	0;7	19311;21293	0;0	6;5	
1002	1273	1;8	19424;21131	0;0	4;5	
1003	1274	19318;21280	2;6	39;32	3;2	
1004	1275	0;3	19353;20974	2;0	7;8	
1005	1276	19269;20967	1;1	53;47	1;0	
1006	1277	2;4	0;3	19109;21185	3;1	
1007	1278	18834;20624	1;13	34;49	1;1	
1008	1279	5;6	0;2	18856;20674	6;1	
1009	1280	19099;20646	3;11	44;34	1;2	
1010	1281	0;3	32;28	19;0	19032;20334	
1011	1282	0;2	19002;19926	1;0	3;10	
1012	1283	2;0	14;16	7;1	19003;19918	
1013	1284	1;1	7;6	3;1	19700;19919	
1014	1285	4;6	0;1	19697;19891	0;2	
1015	1286	1;5	19611;19694	4;0	9;11	
1016	1287	1;2	42;47	1;0	19350;19620	
1017	1288	9;7	0;1	19350;19986	0;0	
1018	1289	0;3	19621;20000	4;1	6;8	
1019	1290	3;6	19730;19011	1;0	4;5	
1020	1291	5;9	19704;19000	2;0	6;6	
1021	1292	10;3	1;1	19693;19018	3;1	
1022	1293	19795;19105	0;14	9;7	0;1	
1023	1294	19786;19091	0;21	9;6	1;0	
1024	1295	20021;19091	4;4	38;24	5;0	
1025	1296	0;5	20133;18233	0;0	1;6	
1026	1297	1;1	9;18	6;0	19827;18185	
1027	1298	4;2	2;2	19870;18481	2;0	
1028	1299	1;4	19899;18391	5;1	11;10	
1029	1300	1;6	19954;18123	2;2	6;8	
1030	1301	2;3	29;26	6;2	20051;18307	
1031	1302	3;4	0;0	20034;18545	1;0	
1032	1303	3;4	0;1	20125;18918	2;3	
1033	1304	3;17	14;43	3;9	20125;18870	
1034	1305	19979;18866	0;2	29;24	2;3	
1035	1306	4;7	0;1	20021;19150	1;2	
1036	1307	10;11	0;4	19908;19178	2;0	
1037	1308	6;4	0;0	19947;19269	4;4	
1038	1309	1;3	1;1	20066;18930	4;1	
1039	1310	19605;17353	1;7	39;50	2;2	
1040	1311	5;7	2;2	19520;17437	2;0	
1041	1312	19021;17263	0;4	107;80	2;1	
1042	1313	19321;17348	3;8	29;23	1;1	
1043	1314	0;3	19528;17324	1;0	4;2	
1044	1315	1;3	19223;17257	1;0	3;5	
1045	1316	19083;17304	7;1	61;33	5;0	
1046	1317	0;4	19102;17200	4;0	9;7	
1047	1318	3;1	29;28	13;2	18933;17170	
1048	1319	3;0	6;3	3;0	19094;17288	
1049	1320	4;1	1;0	18958;15284	3;1	
1050	1321	5;2	0;0	18963;15201	1;0	
1051	1322	1;9	24;40	2;5	19419;15133	
1052	1323	2;7	0;1	19327;15205	2;2	
1053	1324	19233;15078	0;5	23;18	4;3	
1054	1325	19015;15162	0;7	44;24	3;2	
1055	1326	3;2	1;0	19005;15280	2;1	
1056	1327	4;2	0;1	18956;15300	5;1	
1057	1328	2;8	11;67	4;14	19220;15129	
1058	1329	18805;15181	0;5	21;8	1;1	
1059	1330	13;7	0;1	18798;15060	2;0	
1060	1331	2;4	19022;15014	0;0	15;8	
1061	1332	2;3	32;21	6;0	18974;15012	
1062	1333	2;2	1;0	19008;15234	8;0	
1063	1334	19369;15473	0;10	14;6	1;0	
1064	1335	1;1	2;10	2;3	19331;15377	
1065	1336	0;0	17;15	13;0	19249;15411	
1066	1337	0;0	9;6	7;0	19235;15370	
1067	1338	1;2	12;8	9;2	19164;15188	
1068	1339	15;7	0;0	19172;15358	0;0	
1069	1340	4;5	1;2	19241;15368	10;1	
1070	1341	1;5	19254;15320	4;0	7;6	
1071	1342	0;4	19217;14749	0;0	4;4	
1072	1343	0;0	13;12	3;1	18730;14681	
1073	1344	5;3	1;2	18754;15075	5;2	
1074	1345	18900;15055	2;10	40;35	2;2	
1075	1346	9;3	1;2	18926;15079	8;0	
1076	1347	3;4	19231;15053	1;0	11;8	
1077	1348	18899;15021	1;5	18;19	2;0	
1078	1349	2;2	0;0	18962;15511	4;1	
1079	1350	7;8	0;0	19081;15770	9;1	
1080	1351	3;8	22;37	2;5	20298;15710	
1081	1352	0;0	16;14	2;2	20513;15736	
1082	1353	2;1	1;1	20164;15518	2;1	
1083	1354	20120;15492	1;2	42;36	3;2	
1084	1355	0;1	28;20	1;0	20173;15527	
1085	1356	5;2	0;4	20179;15493	5;0	
1086	1357	20120;15548	4;4	37;22	5;2	
1087	1358	3;3	19949;15025	0;0	6;0	
1088	1359	18799;14858	1;5	41;28	1;0	
1089	1360	8;4	2;0	18836;14980	2;1	
1090	1361	4;2	2;2	19274;14400	4;0	
1091	1362	12;7	2;3	19287;14515	9;2	
1092	1363	2;2	1;1	19423;13210	4;4	
1093	1364	20120;13129	1;3	60;37	3;5	
1094	1365	1;2	20364;13191	1;0	15;3	
1095	1366	20112;13221	11;4	67;23	10;0	
1096	1367	5;3	20288;13802	0;0	7;3	
1097	1368	2;3	20277;13971	2;1	9;7	
1098	1369	3;1	35;25	7;0	20102;14114	
1099	1370	20338;14445	5;2	41;17	1;0	
1100	1371	1;2	20240;14230	2;0	5;2	
1101	1372	19979;14199	3;3	35;11	2;1	
1102	1373	0;0	19898;14138	1;0	8;8	
1103	1374	17214;13942	0;3	32;17	1;0	
1104	1375	7;4	0;1	17316;14754	5;0	
1105	1376	2;4	17350;14321	5;0	7;4	
1106	1377	4;2	17150;14343	2;0	8;9	
1107	1378	1;1	16934;14281	1;1	7;4	
1108	1379	16678;14310	0;3	19;14	0;1	
1109	1380	1;0	15;13	3;0	16904;14444	
1110	1381	6;11	0;1	16916;14173	3;0	
1111	1382	2;2	16931;14031	1;0	2;8	
1112	1383	2;2	36;36	3;1	16630;13985	
1113	1384	3;2	0;1	15644;13985	4;2	
1114	1385	5;2	0;4	15923;14000	5;0	
1115	1386	17399;13874	1;8	39;34	6;3	
1116	1387	12;4	2;1	17444;13990	7;2	
1117	1388	1;4	18675;13984	1;2	15;10	
1118	1389	5;0	18606;13996	1;0	4;4	
1119	1390	18758;14006	1;6	25;12	1;0	
1120	1391	18736;13180	2;10	14;6	1;2	
1121	1392	2;3	0;0	18756;13270	7;0	
1122	1393	0;1	25;21	7;3	20291;13264	
1123	1394	5;2	23;14	14;0	20233;13074	
1124	1395	1;0	20256;12857	3;1	8;8	
1125	1396	4;6	20097;12682	1;1	9;7	
1126	1397	4;2	20097;12748	0;0	11;6	
1127	1398	4;3	20075;12568	0;0	13;9	
1128	1399	20200;12841	2;3	28;24	1;0	
1129	1400	4;1	25;11	10;0	20191;12896	
1130	1401	3;1	20513;13054	0;0	3;1	
1131	1402	20642;13082	1;1	10;5	0;3	
1132	1403	21280;13110	0;0	4;5	3;1	
1133	1404	21355;13107	2;2	18;15	2;0	
1134	1405	3;0	7;6	4;0	21347;13063	
1135	1406	5;3	0;0	21278;13125	0;1	
1136	1407	236;149	0;2	21150;13106	6;2	
1137	1408	21270;13103	3;3	53;22	7;1	
1138	1409	3;0	21269;12991	0;1	13;6	
1139	1410	0;2	11;8	7;1	20705;12942	
1140	1411	8;6	0;1	20773;13247	4;0	
1141	1412	4;3	20969;13279	3;0	9;6	
1142	1413	20825;13317	33;1	115;12	17;1	
1143	1414	5;2	21056;13580	3;0	9;2	
1144	1415	2;5	21268;13504	2;1	19;8	
1145	1416	5;6	21068;13447	1;0	23;13	
1146	1417	6;5	0;0	21072;13464	1;0	
1147	1418	21384;13439	1;9	39;13	2;1	
1148	1419	5;2	0;2	21381;13483	2;2	
1149	1420	21159;13334	1;10	64;40	2;0	
1150	1421	3;2	0;1	21205;13406	4;0	
1151	1422	9;2	21107;13330	5;0	11;6	
1152	1423	5;3	20810;13028	2;0	7;2	
1153	1424	4;2	35;26	4;1	20688;12993	
1154	1425	9;6	0;2	20693;13101	5;1	
1155	1426	7;4	3;1	20753;13383	3;1	
1156	1427	3;4	20862;13145	6;0	4;5	
1157	1428	3;6	20819;12959	2;0	6;4	
1158	1429	1;0	22;17	5;1	21100;12956	
1159	1430	21151;13102	0;1	39;23	8;1	
1160	1431	2;1	21610;13148	2;1	11;6	
1161	1432	21588;13151	1;2	31;24	3;1	
1162	1433	21565;13137	2;2	45;21	4;2	
1163	1434	0;1	21385;13163	1;0	4;3	
1164	1435	20669;13111	1;4	10;5	2;1	
1165	1436	20654;13113	0;7	6;4	0;0	
1166	1437	1;2	0;0	20666;13263	5;1	
1167	1438	2;0	31;30	7;0	20701;13245	
1168	1439	1;0	22;17	11;0	20431;12957	
1169	1440	2;2	20392;12981	1;0	5;2	
1170	1441	3;0	25;13	11;0	21608;12978	
1171	1442	1;4	21661;13057	5;0	2;5	
1172	1443	4;0	21613;12988	2;0	3;1	
1173	1444	21648;13036	4;1	28;15	3;1	
1174	1445	3;1	34;17	3;0	21641;13038	
1175	1446	2;1	21505;12845	1;0	232;138	
1176	1447	21633;12963	0;1	40;18	1;1	
1177	1448	21583;13021	3;4	73;42	1;0	
1178	1449	1;1	1;0	21666;12848	6;1	
1179	1450	3;0	28;29	15;2	21682;12853	
1180	1451	1;2	22130;12664	2;1	3;2	
1181	1452	1;1	22256;12421	2;0	13;10	
1182	1453	32;13	1;0	22165;12413	4;1	
1183	1454	23163;12048	1;11	38;17	2;1	
1184	1455	2;1	23224;12128	1;0	11;4	
1185	1456	13;4	1;0	23235;12227	2;0	
1186	1457	0;1	56;45	7;1	23055;11924	
1187	1458	1;4	23285;11761	0;0	4;4	
1188	1459	5;3	15;15	9;1	23127;11733	
1189	1460	9;1	0;1	23134;11784	9;0	
1190	1461	8;2	2;1	23235;11813	6;1	
1191	1462	10;6	1;2	23657;11873	11;0	
1192	1463	4;1	23799;11960	3;0	10;5	
1193	1464	23632;11969	1;7	12;3	1;1	
1194	1465	1;0	18;14	11;3	23454;11864	
1195	1466	0;0	39;23	11;0	23450;11830	
1196	1467	1;1	32;15	1;1	23467;11771	
1197	1468	3;4	0;0	23489;11755	6;1	
1198	1469	5;3	0;0	23517;11873	7;0	
1199	1470	23452;11749	1;11	46;17	1;1	
1200	1471	12;4	0;0	23498;11599	2;1	
1201	1472	1;1	22;22	7;6	23514;11506	
1202	1473	23516;11519	1;3	20;10	3;0	
1203	1474	2;2	23;18	12;0	23480;11497	
1204	1475	5;4	10;11	3;0	23394;11492	
1205	1476	12;4	0;0	23424;11510	4;0	
1206	1477	2;2	23447;11390	2;0	6;3	
1207	1478	1;0	52;20	6;0	23036;11332	
1208	1479	1;1	10;4	10;0	23102;11350	
1209	1480	0;1	20;7	8;1	22873;11284	
1210	1481	6;1	2;0	22906;11342	5;2	
1211	1482	3;1	0;0	23166;11350	5;1	
1212	1483	9;1	1;1	23194;11353	5;2	
1213	1484	23402;11156	0;3	21;7	1;2	
1214	1485	22917;10858	0;6	16;2	2;0	
1215	1486	22901;10905	0;5	22;3	3;1	
1216	1487	3;0	8;3	8;0	22930;11027	
1217	1488	1;1	6;1	3;0	23262;11037	
1218	1489	1;2	0;0	23259;11058	1;1	
1219	1490	4;3	23501;10838	2;0	12;7	
1220	1491	0;0	15;14	0;0	23459;10828	
1221	1492	23373;11094	16;2	129;19	14;2	
1222	1493	0;0	23575;11300	0;0	10;5	
1223	1494	2;1	23625;10979	2;0	7;4	
1224	1495	5;3	12;6	8;0	23405;10958	
1225	1496	23085;10920	0;2	25;12	1;0	
1226	1497	2;0	22;13	3;3	23137;10921	
1227	1498	10;5	0;0	23092;10957	4;0	
1228	1499	14;7	0;0	23115;11005	4;2	
1229	1500	2;3	23488;10255	0;0	12;5	
1230	1501	22817;10158	1;0	36;22	2;0	
1231	1502	1;0	42;22	5;1	22320;10077	
1232	1503	7;3	1;0	22133;10114	4;0	
1233	1504	9;4	36;20	7;2	22338;10041	
1234	1505	3;2	22374;10097	1;1	9;8	
1235	1506	3;7	22309;10135	3;1	8;2	
1236	1507	3;1	22233;10037	3;0	9;2	
1237	1508	4;8	22121;9972	4;0	8;9	
1238	1509	1;2	17;9	18;0	21978;9967	
1239	1510	0;0	2;0	4;0	22034;9981	
1240	1511	21962;9829	7;2	41;6	8;0	
1241	1512	2;1	22000;9722	1;0	5;3	
1242	1513	2;0	21809;9673	1;0	4;6	
1243	1514	3;3	21071;9539	3;0	12;5	
1244	1515	15;7	1;0	20820;9507	2;0	
1245	1516	6;2	1;0	20820;8356	8;1	
1246	1517	10;5	0;0	20851;8422	4;0	
1247	1518	21182;7878	0;9	11;5	0;2	
1248	1519	21159;7738	0;2	7;1	0;1	
1249	1520	1;0	11;3	12;0	21071;7582	
1250	1521	0;0	11;4	1;1	20863;7261	
1251	1522	4;2	2;0	20867;7308	6;1	
1252	1523	20775;7302	7;0	79;11	4;2	
1253	1524	2;1	21044;7260	0;0	30;7	
1254	1525	0;0	21001;6310	0;1	13;1	
1255	1526	2;2	19;8	6;0	20951;6282	
1256	1527	5;0	1;0	21202;6803	1;0	
1257	1528	4;3	30;6	18;1	21184;6836	
1258	1529	0;2	21202;6848	1;0	10;1	
1259	1530	4;0	21195;6720	2;0	40;17	
1260	1531	1;1	21042;6698	1;0	7;2	
1261	1532	20986;6703	1;4	28;8	2;0	
1262	1533	6;1	0;0	21016;6779	5;1	
1263	1534	6;0	0;0	21245;7019	2;1	
1264	1535	0;5	12;25	3;7	20824;6923	
1265	1536	4;1	0;0	19211;6792	1;0	
1266	1537	0;1	19;8	7;2	18374;6666	
1267	1538	18562;6601	1;1	19;6	1;0	
1268	1539	2;1	18;5	2;0	18590;6602	
1269	1540	3;2	0;0	18549;6596	2;1	
1270	1541	18309;6549	1;3	67;17	2;0	
1271	1542	5;2	0;0	18035;6537	3;1	
1272	1543	2;1	17348;6333	3;0	7;5	
1273	1544	0;0	22;11	5;2	16865;6270	
1274	1545	3;4	2;0	16916;6398	2;0	
1275	1546	3;2	17069;6328	1;0	10;3	
1276	1547	0;0	13;4	4;0	17556;6329	
1277	1548	17570;6354	0;0	16;5	1;0	
1278	1549	5;2	1;0	17581;6374	4;0	
1279	1550	17599;6114	1;2	29;12	0;0	
1280	1551	1;1	0;0	17597;6054	3;0	
1281	1552	17883;5705	2;2	18;6	2;0	
1282	1553	17692;5679	1;1	31;13	3;2	
1283	1554	7;2	0;0	17093;5641	4;0	
1284	1555	6;0	2;1	18425;5640	6;0	
1285	1556	18728;5623	2;5	50;12	4;0	
1286	1557	2;1	18661;5489	1;0	3;2	
1287	1558	2;1	7;4	8;0	18473;5470	
1288	1559	18482;5528	2;1	34;6	2;0	
1289	1560	3;2	18600;5531	1;1	9;1	
1290	1561	1;0	18523;5325	2;2	12;2	
1291	1562	12;2	2;0	18490;5330	7;0	
1292	1563	2;0	18219;5269	3;0	17;5	
1293	1564	18153;5263	0;2	17;3	1;0	
1294	1565	0;0	15;0	16;3	18111;5045	
1295	1566	1;0	1;0	17824;5023	3;0	
1296	1567	3;1	1;2	17790;5007	3;0	
1297	1568	17341;4955	1;6	13;4	1;1	
1298	1569	3;0	0;1	17317;4971	1;0	
1299	1570	0;2	16912;4831	0;0	7;2	
1300	1571	8;3	0;0	16896;4867	5;0	
1301	1572	4;1	16886;4886	0;1	29;6	
1302	1573	4;1	16906;4908	0;0	6;2	
1303	1574	1;0	16896;4908	0;0	9;3	
1304	1575	16843;4902	0;0	12;4	2;1	
1305	1576	2;0	0;0	16850;4826	3;0	
1306	1577	16814;4590	0;3	14;3	0;0	
1307	1578	16708;4578	0;0	38;13	2;0	
1308	1579	3;0	1;0	16701;4583	7;0	
1309	1580	3;1	0;2	16152;4505	4;3	
1310	1581	1;1	16014;4312	3;1	4;2	
1311	1582	0;0	29;14	0;1	15617;4274	
1312	1583	7;2	0;0	15688;4358	1;0	
1313	1584	2;1	15665;4325	2;0	1;2	
1314	1585	7;1	15627;4317	2;0	9;0	
1315	1586	3;0	15605;4320	1;0	7;0	
1316	1587	15473;4295	1;0	18;9	12;3	
1317	1588	4;1	0;0	15524;4223	5;1	
1318	1589	15471;4209	0;1	17;2	2;1	
1319	1590	2;0	0;0	15482;4196	0;0	
1320	1591	15432;4170	0;1	17;6	0;0	
1321	1592	13957;4041	0;0	18;3	1;0	
1322	1593	1;0	0;0	13975;4004	7;0	
1323	1594	2;0	1;0	14002;4031	4;0	
1324	1595	0;2	21;24	8;4	13897;3956	
1325	1596	0;2	13899;3999	0;0	0;0	
1326	1597	0;0	11;2	3;0	13550;3976	
1327	1598	13548;3975	0;1	12;3	0;0	
1328	1599	0;0	23;7	4;0	13502;3903	
1329	1600	1;1	0;0	13522;3896	1;1	
1330	1601	13405;3853	1;0	27;10	0;0	
1331	1602	12899;3806	2;1	19;4	2;1	
1332	1603	2;0	12541;3783	0;0	7;0	
1333	1604	1;1	13;7	5;0	11732;3665	
1334	1605	1;1	11494;3600	0;0	5;4	
1335	1606	11453;3605	3;0	9;0	0;0	
1336	1607	0;0	3;0	6;1	11408;3529	
1337	1608	6;0	1;0	11397;3515	2;0	
1338	1609	1;0	11119;3476	0;0	4;1	
1339	1610	6;1	0;0	11108;3476	1;0	
1340	1611	10995;3444	0;1	24;6	1;0	
1341	1612	3;1	0;0	10989;3434	3;0	
1342	1613	1;3	10983;3348	1;0	7;3	
1343	1614	10845;3334	0;0	2;0	0;0	
1344	1615	0;0	10;6	1;1	10805;3312	
1345	1616	2;1	0;0	10749;3291	0;0	
1346	1617	0;0	3;1	1;0	10718;3259	
1347	1618	0;0	9;2	3;0	10691;3258	
1348	1619	6;3	0;0	10673;3244	3;1	
1349	1620	3;0	0;0	10566;3149	6;0	
1350	1621	2;0	10503;3078	0;0	3;0	
1351	1622	10080;3033	0;0	14;2	0;0	
1352	1623	3;1	0;0	10094;3044	0;0	
1353	1624	0;1	5;5	0;0	9968;3023	
1354	1625	3;1	0;0	9941;3026	2;0	
1355	1626	0;0	0;0	9932;3026	0;0	
1356	1627	9836;2914	0;1	10;1	1;0	
1357	1628	9800;2897	0;5	33;10	1;0	
1358	1629	0;0	11;4	4;0	9761;2900	
1359	1630	0;2	9730;2911	0;0	1;0	
1360	1631	0;1	9698;2880	0;0	1;0	
1361	1632	0;0	9420;2845	0;0	3;2	
1362	1633	0;0	11;5	3;0	9345;2834	
1363	1634	0;0	9334;2806	0;0	3;2	
1364	1635	1;0	6;4	2;0	9074;2771	
1365	1636	0;0	0;0	9079;2777	0;0	
1366	1637	9038;2767	1;1	19;5	4;1	
1367	1638	0;0	8998;2692	0;0	10;3	
1368	1639	1;1	8613;2623	1;1	3;0	
1369	1640	0;1	1;0	8262;2559	1;0	
1370	1641	4;0	1;1	8241;2563	3;0	
1371	1642	0;2	8172;2341	0;0	52;11	
1372	1643	2;1	8180;2225	4;0	1;1	
1373	1644	2;1	8140;2162	1;0	11;3	
1374	1645	3;0	16;6	2;0	8059;2157	
1375	1646	1;0	8084;2168	0;0	3;1	
1376	1647	1;0	8068;2133	1;0	2;1	
1377	1648	2;0	8;1	3;0	7977;2124	
1378	1649	0;0	6;3	0;0	7938;2123	
1379	1650	0;0	6;1	0;0	7441;2012	
1380	1651	3;1	0;1	7437;1997	0;0	
1381	1652	0;0	7423;1939	1;0	3;1	
1382	1653	1;0	6;2	0;0	7266;1914	
1383	1654	2;0	0;1	7241;1918	3;0	
1384	1655	6899;1862	0;0	5;3	0;0	
1385	1656	6888;1748	0;0	4;2	2;1	
1386	1657	6881;1713	0;1	7;1	1;0	
1387	1658	1;0	6;5	1;0	6798;1698	
1388	1659	0;1	6792;1693	2;0	2;0	
1389	1660	2;4	6664;1665	2;2	1;0	
1390	1661	6588;1662	6;1	19;0	10;1	
1391	1662	1;1	6614;1623	1;1	1;0	
1392	1663	0;0	6519;1614	0;0	0;1	
1393	1664	6479;1606	1;0	8;3	1;0	
1394	1665	6413;1589	1;1	14;4	1;0	
1395	1666	1;0	0;0	6416;1592	2;0	
1396	1667	0;0	6399;1520	0;0	1;0	
1397	1668	0;1	6313;1512	0;0	0;0	
1398	1669	1;0	8;2	2;0	6023;1474	
1399	1670	1;0	2;0	1;0	6030;1478	
1400	1671	1;0	40;12	1;0	5989;1466	
1401	1672	1;0	1;0	6027;1477	1;0	
1402	1673	6016;1434	0;4	10;3	0;0	
1403	1674	5998;1428	0;2	10;1	1;0	
1404	1675	5728;1387	0;2	24;3	1;0	
1405	1676	0;0	5643;1370	0;0	1;0	
1406	1677	5205;1285	0;0	2;1	0;0	
1407	1678	5206;966	0;0	0;0	0;0	
1408	1679	0;0	1;0	1;0	5142;946	
1409	1680	0;0	0;0	5139;945	1;0	
1410	1681	0;0	10;3	2;0	5051;928	
1411	1682	0;0	6;2	2;0	4967;917	
1412	1683	0;0	4967;851	0;0	0;0	
1413	1684	0;1	4909;717	0;0	1;0	
1414	1685	4824;713	0;0	4;0	1;0	
1415	1686	0;0	1;0	4815;700	0;0	
1416	1687	1;1	0;0	4637;676	0;0	
1417	1688	4273;633	0;0	10;4	0;0	
1418	1689	4078;615	0;0	7;1	0;0	
1419	1690	0;0	7;1	3;0	4022;609	
1420	1691	0;0	4000;603	0;0	0;0	
1421	1692	0;0	3982;602	0;0	1;0	
1422	1693	3824;583	0;1	13;3	0;0	
1423	1694	0;0	0;0	3833;578	0;0	
1424	1695	1;0	1;0	1;0	3709;562	
1425	1696	3575;487	0;0	1;0	0;0	
1426	1697	0;0	5;2	3;1	3492;473	
1427	1698	0;0	3019;398	0;0	0;0	
1428	1699	0;0	1;0	1;0	2939;389	
1429	1700	0;0	2822;378	0;0	0;0	
1430	1701	2345;325	0;0	0;0	0;0	
1431	1702	0;0	0;0	2337;322	1;1	
1432	1703	2197;303	0;0	0;0	1;0	
1433	1704	0;0	2054;287	0;0	0;0	
