Software	NextGENe V2.4.2.2
Project Name:	Eklon_S9_L001_R1_001_converted_Output.pjt
Date/Time:	04.12.2020 10:28:26

Index	Pos	A#(F;R)	C#(F;R)	G#(F;R)	T#(F;R)	
1	272	564;1632	0;0	0;0	0;0	
2	273	563;1638	0;0	1;3	0;0	
3	274	0;1	0;0	581;1741	0;0	
4	275	0;0	686;1776	0;0	0;0	
5	276	0;0	738;1778	0;0	0;0	
6	277	0;0	760;1875	0;0	1;1	
7	278	0;0	1;3	0;1	824;1872	
8	279	0;0	0;0	0;0	835;1910	
9	280	1;1	834;1912	0;0	0;0	
10	281	833;1914	0;0	2;0	0;0	
11	282	1;2	0;0	837;1928	0;0	
12	283	0;0	871;1932	0;0	0;0	
13	284	0;1	0;0	923;2125	0;0	
14	285	2;3	0;0	947;2165	0;0	
15	286	0;0	1101;2174	0;0	0;1	
16	287	0;0	1116;2242	0;0	0;1	
17	288	1117;2263	0;0	1;1	1;0	
18	289	0;0	0;0	1133;2331	0;1	
19	290	0;1	0;3	1;0	1191;2332	
20	291	1192;2340	0;0	1;1	0;0	
21	292	0;1	0;0	1215;2426	0;0	
22	293	0;0	1270;2482	0;0	0;2	
23	294	1270;2504	0;1	2;4	0;0	
24	295	0;0	4;18	1;0	1270;2497	
25	296	0;0	1355;2520	0;0	0;2	
26	297	1;0	0;6	1;2	1358;2514	
27	298	0;0	0;0	1375;2587	0;0	
28	299	1390;2630	0;0	1;1	0;0	
29	300	0;0	1408;2699	0;0	0;1	
30	301	0;0	2;5	1;0	1414;2696	
31	302	0;0	0;0	0;0	1421;2703	
32	303	0;0	1;3	2;0	1424;2699	
33	304	0;2	0;0	1430;2719	0;0	
34	305	1459;2722	0;0	2;3	0;0	
35	306	0;1	0;0	1473;2796	0;0	
36	307	0;0	1490;2870	0;0	1;0	
37	308	0;0	1505;2937	0;0	0;0	
38	309	0;0	4;7	2;0	1498;2937	
39	310	0;0	1504;2950	0;0	2;3	
40	311	1505;2950	1;2	0;1	0;1	
41	312	1;4	0;0	1532;3125	0;0	
42	313	0;3	0;0	1587;3237	0;1	
43	314	1;1	0;0	1618;3426	0;0	
44	315	0;0	1;9	2;1	1614;3432	
45	316	0;0	1621;3445	0;0	0;1	
46	317	0;0	2;6	1;0	1642;3441	
47	318	0;2	0;0	1711;3816	0;0	
48	319	1859;3814	0;0	2;5	0;0	
49	320	0;1	0;0	1863;3846	0;0	
50	321	1;1	3;1	1;2	1872;3842	
51	322	1;1	0;0	1874;3849	0;0	
52	323	1886;3858	0;0	2;3	0;0	
53	324	1885;3861	0;0	3;3	0;0	
54	325	1;1	0;0	1889;3868	0;1	
55	326	0;0	2029;3877	0;0	0;0	
56	327	0;0	2040;3876	0;0	0;0	
57	328	2;5	0;1	2040;3891	0;0	
58	329	0;0	2080;3919	0;0	0;0	
59	330	0;1	4;5	0;0	2095;3914	
60	331	0;0	2120;4011	0;0	3;1	
61	332	3;4	0;0	2120;4017	0;1	
62	333	0;0	1;4	0;0	2167;4096	
63	334	0;1	1;8	1;0	2177;4092	
64	335	0;1	0;0	2179;4099	0;2	
65	336	0;1	0;0	2277;4113	0;0	
66	337	2370;4111	0;1	4;3	0;0	
67	338	2375;4122	0;1	0;3	0;0	
68	339	0;0	2460;4214	0;0	2;3	
69	340	0;0	3;4	0;0	2456;4210	
70	341	0;0	2510;4233	0;0	0;0	
71	342	0;0	2522;4232	0;0	0;1	
72	343	2528;4250	0;4	2;4	0;1	
73	344	2537;4299	0;0	3;6	0;0	
74	345	1;3	0;0	2544;4333	0;0	
75	346	2;3	0;0	2589;4390	0;1	
76	347	2687;4391	0;0	1;6	0;0	
77	348	2744;4392	0;1	2;1	0;0	
78	349	2761;4392	0;0	1;5	0;0	
79	350	2759;4402	0;1	5;7	0;0	
80	351	0;0	2770;4482	0;0	1;2	
81	352	0;0	2771;4494	0;1	0;1	
82	353	0;0	3;2	0;0	2769;4495	
83	354	0;0	1;9	1;0	2785;4491	
84	355	0;0	2788;4527	0;0	2;3	
85	356	0;1	5;10	0;0	2807;4667	
86	357	0;0	2831;4783	0;0	2;2	
87	358	1;3	0;0	2835;4807	0;0	
88	359	0;0	2866;4817	0;0	0;1	
89	360	0;0	5;11	0;0	2865;4803	
90	361	0;0	1;1	2872;4835	0;0	
91	362	0;1	0;0	2880;4850	0;0	
92	363	2899;4881	0;1	1;7	0;1	
93	364	1;0	2910;4900	0;0	1;2	
94	365	0;0	2890;4881	0;0	0;1	
95	366	1;1	2892;4954	0;0	2;4	
96	367	2895;4980	0;1	2;4	0;0	
97	368	1;1	0;0	2921;5138	0;0	
98	369	0;1	2;7	1;0	2975;5132	
99	370	2;4	0;0	2980;5176	0;0	
100	371	2983;5180	0;1	3;5	0;1	
101	372	2980;5220	0;1	6;10	2;0	
102	373	2984;5226	1;2	4;4	0;0	
103	374	3017;5228	0;0	0;3	2;1	
104	375	0;0	1;4	0;0	3027;5217	
105	376	2;6	0;0	3027;5236	0;1	
106	377	3063;5301	0;0	2;5	0;0	
107	378	0;0	3065;5361	0;0	2;3	
108	379	0;0	3065;5364	0;0	1;1	
109	380	1;1	3086;5365	0;0	0;1	
110	381	0;1	3193;5376	0;0	0;2	
111	382	3189;5391	0;2	5;8	1;0	
112	383	3197;5433	0;2	3;4	0;0	
113	384	0;0	3215;5506	0;1	0;0	
114	385	0;0	3216;5508	0;0	1;0	
115	386	0;0	6;19	1;2	3195;5470	
116	387	0;0	0;3	1;1	3244;5527	
117	388	0;0	9;11	0;0	3240;5531	
118	389	0;0	3;3	0;0	3476;6309	
119	390	0;0	3490;6329	0;0	2;2	
120	391	2;11	0;1	3483;6323	0;0	
121	392	0;0	9;19	0;0	3500;6318	
122	393	0;0	6;20	0;0	3481;6301	
123	394	0;1	0;0	3501;6416	0;0	
124	395	0;0	3587;6073	0;0	1;2	
125	396	3580;6074	0;1	4;4	0;1	
126	397	0;1	3627;6205	0;0	0;1	
127	398	0;0	2;4	0;0	3465;6128	
128	399	0;1	0;0	3653;7407	0;1	
129	400	1;1	3;5	0;2	3677;7409	
130	401	3680;7439	0;0	3;8	0;0	
131	402	0;1	5;13	0;1	3774;7429	
132	403	0;2	0;0	3757;7427	0;0	
133	404	3864;7495	0;2	3;10	0;1	
134	405	2;1	3;9	0;0	3860;7497	
135	406	0;2	4;13	0;1	3803;7433	
136	407	0;0	4;9	0;0	3820;7430	
137	408	0;0	1;4	0;0	3548;7237	
138	409	0;3	0;0	3550;7230	0;0	
139	410	0;2	8;20	0;0	3546;7187	
140	411	2;2	0;0	3564;7170	1;0	
141	412	2;4	0;0	3591;6982	0;0	
142	413	0;0	3847;6875	0;0	3;4	
143	414	0;0	3854;6881	0;0	1;1	
144	415	3832;6870	1;2	3;11	0;1	
145	416	4;4	0;0	3874;7247	0;0	
146	417	0;0	5;6	0;0	3982;7231	
147	418	1;5	1;0	4006;7291	1;0	
148	419	0;6	0;0	4018;7257	2;0	
149	420	4035;7404	0;1	8;13	0;1	
150	421	5;5	0;0	4049;7500	0;0	
151	422	4057;7515	0;1	9;14	0;0	
152	423	1;0	8;10	1;1	4054;7505	
153	424	4061;7504	0;0	2;6	0;0	
154	425	4029;7392	0;1	4;9	0;1	
155	426	0;1	4323;7478	0;0	1;3	
156	427	4337;7533	1;1	4;7	0;0	
157	428	1;0	4466;7982	0;0	0;1	
158	429	1;0	2;6	1;1	4401;7952	
159	430	0;0	4432;7957	0;0	0;2	
160	431	1;1	4;9	0;1	4418;7938	
161	432	4468;8124	0;1	5;4	0;0	
162	433	4468;8104	0;1	5;12	0;3	
163	434	7;6	0;0	4481;8250	1;0	
164	435	0;1	4663;8070	0;0	0;4	
165	436	4635;8070	0;0	2;2	0;1	
166	437	1;0	5;9	0;0	4482;8120	
167	438	4522;8262	0;1	3;2	0;0	
168	439	4704;8330	0;1	5;7	1;1	
169	440	0;0	4719;8309	0;0	1;1	
170	441	0;1	3;5	0;0	4677;8278	
171	442	4670;8278	0;1	4;7	0;0	
172	443	4623;8209	0;1	5;16	0;1	
173	444	4612;8180	1;2	10;12	1;0	
174	445	2;7	0;0	4645;8300	0;0	
175	446	2;2	0;0	4817;8357	0;0	
176	447	0;0	8;16	0;2	4796;8298	
177	448	2;1	0;1	4802;8352	0;0	
178	449	4842;8296	0;0	5;5	0;1	
179	450	4841;8254	0;0	7;13	2;2	
180	451	4841;8213	0;0	8;8	1;1	
181	452	4831;8236	1;1	11;17	0;0	
182	453	0;1	0;0	4874;8703	0;0	
183	454	0;0	4909;8717	0;0	1;2	
184	455	0;1	9;8	1;0	4858;8701	
185	456	0;0	4909;8652	0;0	2;4	
186	457	0;1	4934;8587	0;0	2;5	
187	458	1;4	0;0	4935;8596	0;0	
188	459	5;6	0;0	4948;8634	1;2	
189	460	0;2	0;0	5057;9014	0;0	
190	461	0;0	7;20	1;5	5059;9004	
191	462	0;1	5068;8784	0;0	2;5	
192	463	0;0	12;12	0;2	5304;8773	
193	464	0;0	3;6	1;1	5322;8781	
194	465	5323;8650	0;0	8;10	0;0	
195	466	0;1	0;0	5362;8841	0;0	
196	467	1;1	1;1	5421;8995	0;0	
197	468	0;1	5549;8695	0;0	4;5	
198	469	0;1	5;14	1;0	5340;8631	
199	470	5401;8710	0;1	1;5	1;0	
200	471	0;0	9;7	0;0	5398;8724	
201	472	5418;8819	0;0	5;6	0;0	
202	473	5444;8825	0;0	3;10	0;0	
203	474	0;0	6;9	2;1	5447;8956	
204	475	1;1	5375;8946	0;0	4;3	
205	476	5291;8918	3;1	7;11	0;0	
206	477	1;1	5345;9143	0;0	0;4	
207	478	5345;9139	0;0	3;5	0;0	
208	479	5363;9357	0;0	9;19	1;1	
209	480	1;1	4;6	1;0	5357;9352	
210	481	4;3	0;0	5354;9620	0;1	
211	482	3;3	1;1	5383;9587	0;2	
212	483	0;3	0;0	5387;9679	0;0	
213	484	3;5	0;0	5454;9655	1;1	
214	485	5443;9636	0;0	8;15	2;2	
215	486	5325;9662	0;0	9;18	0;0	
216	487	1;1	8;25	2;1	5317;9650	
217	488	1;2	0;0	5218;9785	1;1	
218	489	2;5	0;0	5279;10187	0;0	
219	490	1;1	10;20	1;1	5176;10083	
220	491	1;3	0;1	5201;10179	0;0	
221	492	0;4	5;15	1;0	5151;10143	
222	493	3;5	0;0	5127;10148	0;0	
223	494	5253;10110	0;2	8;18	0;1	
224	495	5199;10070	0;3	8;16	0;1	
225	496	1;1	0;0	5210;10135	0;2	
226	497	0;0	5307;10065	1;4	1;4	
227	498	0;0	5231;10048	0;0	2;6	
228	499	2;2	5146;10027	0;0	4;4	
229	500	5120;10011	0;2	2;11	1;0	
230	501	5265;10067	0;2	5;12	0;0	
231	502	5267;10027	2;0	5;9	0;0	
232	503	0;0	5343;10036	0;0	1;4	
233	504	0;0	5342;10034	0;1	1;2	
234	505	5411;10016	0;0	2;7	1;1	
235	506	5423;10035	0;0	2;6	0;0	
236	507	5433;9906	0;0	6;9	0;0	
237	508	5456;9821	0;2	5;5	0;1	
238	509	5487;9783	0;0	5;22	2;0	
239	510	0;0	4;6	2;0	5646;9788	
240	511	2;3	0;0	5649;9880	0;0	
241	512	2;8	0;0	5649;9881	1;0	
242	513	1;1	5647;9850	0;0	1;2	
243	514	0;1	5663;9839	1;1	2;3	
244	515	5787;9839	0;1	5;3	0;1	
245	516	5794;9904	0;2	9;11	0;0	
246	517	2;5	0;0	5820;9962	0;0	
247	518	3;3	0;0	5830;10015	0;0	
248	519	0;0	5836;9837	0;2	2;2	
249	520	1;1	9;18	1;1	6458;9805	
250	521	3;4	0;0	6467;9840	2;0	
251	522	2;6	0;1	6478;9895	1;1	
252	523	2;4	0;1	6555;10125	1;1	
253	524	0;3	11;27	1;3	6550;10105	
254	525	0;1	6615;10124	1;1	1;6	
255	526	0;0	6583;10107	0;0	2;1	
256	527	0;1	6560;10021	0;0	3;6	
257	528	6553;10033	1;2	8;10	1;1	
258	529	6563;10038	0;1	11;15	0;0	
259	530	1;2	0;0	6574;10063	0;0	
260	531	0;3	6629;10240	0;0	1;1	
261	532	6539;10190	0;0	2;5	0;0	
262	533	6566;10206	0;1	8;16	0;0	
263	534	0;1	6575;10169	0;0	4;3	
264	535	0;1	5;15	2;0	6572;10156	
265	536	6599;10367	1;1	6;9	0;0	
266	537	0;0	6649;10433	0;0	2;5	
267	538	6589;10403	1;0	10;14	0;0	
268	539	0;1	3;5	3;0	6597;10409	
269	540	0;2	6465;9646	1;0	6;5	
270	541	6469;9645	1;2	7;10	1;1	
271	542	0;0	6472;9677	0;0	5;4	
272	543	3;6	0;0	6453;9668	1;0	
273	544	0;1	6494;9782	1;1	3;2	
274	545	0;0	6418;9750	0;0	2;6	
275	546	6382;9910	0;4	6;7	0;0	
276	547	3;2	2;0	6389;9948	1;1	
277	548	1;5	6;15	1;1	6639;9683	
278	549	0;0	6766;8645	0;1	4;3	
279	550	6745;8632	2;1	10;9	0;2	
280	551	6718;8641	0;2	16;12	1;2	
281	552	0;0	6733;8629	0;0	3;4	
282	553	6600;8609	0;0	8;9	0;0	
283	554	2;3	0;0	6655;9092	0;0	
284	555	0;2	8;15	1;1	6758;8981	
285	556	0;0	6772;8981	1;0	5;3	
286	557	0;0	22;19	2;0	6738;8964	
287	558	4;4	1;1	6771;9205	0;0	
288	559	1;3	0;0	6852;9252	0;0	
289	560	7023;9223	0;3	13;17	0;1	
290	561	4;5	0;0	7036;9280	1;0	
291	562	7462;9237	0;1	6;5	0;1	
292	563	7121;9145	1;3	4;6	1;0	
293	564	7271;9139	1;5	12;12	0;0	
294	565	0;0	7301;9150	1;0	2;3	
295	566	7493;9137	0;1	15;12	1;1	
296	567	0;0	7628;9222	1;0	1;3	
297	568	1;1	8;17	1;0	7573;9233	
298	569	1;0	7743;9366	0;0	1;2	
299	570	0;1	7734;9068	0;0	2;2	
300	571	0;2	10;13	5;0	7704;9084	
301	572	4;3	0;0	7724;9169	0;0	
302	573	6;5	0;0	7725;9263	0;1	
303	574	0;1	10;14	0;0	7734;9290	
304	575	8102;9385	0;3	13;8	0;0	
305	576	1;2	8059;9580	0;0	4;1	
306	577	0;0	7707;9426	0;0	4;6	
307	578	7643;9426	1;1	9;11	1;1	
308	579	0;2	13;14	3;1	7613;8974	
309	580	7;5	0;0	7587;9007	1;0	
310	581	5;7	0;1	7667;9245	2;8	
311	582	8;6	0;0	7668;9265	1;0	
312	583	1;0	7711;9171	0;0	1;3	
313	584	0;0	7699;8954	2;0	3;3	
314	585	0;1	18;21	1;2	7581;8882	
315	586	5;7	0;0	7638;9159	1;0	
316	587	2;2	18;25	2;0	7630;9140	
317	588	1;6	0;0	7677;9313	0;0	
318	589	3;2	18;25	2;2	7669;9129	
319	590	0;0	7483;9020	0;0	1;2	
320	591	0;0	7485;9080	1;0	5;3	
321	592	1;0	7455;9065	0;0	7;5	
322	593	4;8	0;0	7457;9061	1;3	
323	594	1;0	7488;9062	0;1	8;6	
324	595	7299;9022	1;1	4;5	0;0	
325	596	7308;8952	0;4	4;1	1;0	
326	597	0;0	2;3	0;0	7191;8881	
327	598	3;5	0;0	7196;8943	0;0	
328	599	0;0	7409;8935	1;1	7;3	
329	600	0;2	7595;8918	0;0	4;2	
330	601	8;7	2;1	7601;8968	0;1	
331	602	1;0	7646;8508	0;0	2;2	
332	603	0;1	13;19	1;1	7651;8486	
333	604	4;6	0;0	7727;8964	0;1	
334	605	7702;9000	0;1	7;12	0;0	
335	606	4;2	0;0	7730;9190	1;2	
336	607	2;1	5;11	1;0	7736;9191	
337	608	7702;9197	0;2	5;4	0;0	
338	609	1;2	20;32	3;1	7750;9163	
339	610	0;0	7820;9008	0;0	2;2	
340	611	1;1	12;18	1;2	7795;8986	
341	612	4;3	0;0	7816;9114	1;2	
342	613	0;0	7918;9089	0;0	2;2	
343	614	0;1	8;8	0;1	7554;8980	
344	615	2;4	1;0	7555;9035	1;2	
345	616	7497;9021	1;3	7;3	1;1	
346	617	5;2	0;0	7502;8889	0;1	
347	618	0;0	7504;8737	1;1	8;5	
348	619	7315;8702	0;3	7;14	0;0	
349	620	5;2	0;0	7322;8746	2;2	
350	621	1;1	7341;8643	0;0	3;5	
351	622	4;3	0;0	7340;8649	0;0	
352	623	3;4	0;0	7359;8699	1;0	
353	624	6;5	0;0	7678;8755	1;2	
354	625	7838;8745	1;1	10;10	0;1	
355	626	0;1	11;7	2;0	7815;8742	
356	627	1;0	7809;8591	0;0	7;5	
357	628	7807;8599	0;1	3;3	1;1	
358	629	7803;8605	0;1	7;9	0;1	
359	630	1;1	6;9	0;0	7826;8389	
360	631	6;3	1;1	7810;8407	0;0	
361	632	5;5	0;0	7809;8143	0;0	
362	633	0;0	7779;8028	0;0	4;4	
363	634	7686;8016	1;3	13;9	1;0	
364	635	3;7	0;0	7722;8132	1;0	
365	636	0;1	7798;8118	1;0	0;3	
366	637	0;0	22;33	2;0	7794;8286	
367	638	0;1	5;7	1;0	7811;8335	
368	639	0;0	7827;7840	0;0	1;0	
369	640	0;0	8;10	2;1	7883;7829	
370	641	1;1	6;8	0;1	7893;7847	
371	642	2;8	0;0	7872;7747	1;2	
372	643	6;5	0;1	7886;8003	0;0	
373	644	1;0	11;14	1;0	7779;7983	
374	645	4;6	0;0	7795;8082	0;0	
375	646	1;1	7779;7991	0;1	7;7	
376	647	5;3	0;0	7790;8096	0;0	
377	648	0;0	16;20	1;1	7786;8084	
378	649	2;2	0;1	7802;8112	0;1	
379	650	7784;8133	1;2	15;9	0;0	
380	651	0;3	0;0	7818;8258	0;0	
381	652	7742;8399	0;0	11;13	0;0	
382	653	3;6	0;0	7758;8421	0;1	
383	654	1;1	7;11	0;0	7796;8398	
384	655	0;2	1;2	7804;8417	0;1	
385	656	7895;8384	0;0	12;12	0;3	
386	657	1;2	0;0	7934;8537	1;2	
387	658	7914;8520	1;0	16;16	0;0	
388	659	2;1	0;0	7896;8534	0;1	
389	660	1;2	7864;8519	0;0	5;2	
390	661	7635;8490	0;2	5;4	0;0	
391	662	2;3	1;1	7788;9501	1;2	
392	663	0;4	8;8	1;0	7848;9481	
393	664	1;2	7856;9518	2;1	2;4	
394	665	1;1	7843;9351	0;0	4;3	
395	666	1;2	17;18	1;0	7693;9319	
396	667	4;3	0;1	7730;9481	0;2	
397	668	5;3	1;1	7776;9496	0;0	
398	669	0;2	7794;9468	0;0	3;7	
399	670	0;1	7784;9475	0;0	4;4	
400	671	6934;9318	1;3	12;13	0;1	
401	672	2;3	0;1	6952;9379	1;1	
402	673	6964;9322	0;2	11;10	1;2	
403	674	5;7	0;0	6977;9220	0;0	
404	675	4;6	0;1	7256;9267	0;1	
405	676	2;2	5;23	1;2	7167;9227	
406	677	1;3	7325;9256	1;0	3;2	
407	678	1;1	7281;9238	0;0	6;4	
408	679	7328;9291	0;2	4;5	0;1	
409	680	0;0	16;21	3;2	7320;9228	
410	681	0;0	7317;9047	1;0	2;2	
411	682	0;0	5;11	2;0	7313;9057	
412	683	0;0	7222;9035	0;0	1;3	
413	684	2;5	0;0	7187;9038	0;2	
414	685	1;0	7245;8751	0;0	2;2	
415	686	0;0	7;17	2;0	7241;8738	
416	687	1;2	0;0	7259;8837	0;1	
417	688	7281;8836	0;4	4;8	0;0	
418	689	2;2	0;0	7314;9097	0;0	
419	690	8033;9113	0;0	15;19	0;0	
420	691	1;1	5;4	2;0	8020;9245	
421	692	8015;9281	0;1	7;7	0;0	
422	693	1;0	8022;9318	1;1	5;5	
423	694	5;10	0;1	7996;9325	1;1	
424	695	8092;9284	0;2	17;17	3;1	
425	696	7960;9264	0;2	22;20	0;1	
426	697	0;1	0;0	7981;9208	0;0	
427	698	5;4	0;0	7799;9140	0;0	
428	699	1;4	1;0	7801;9178	1;1	
429	700	7788;9138	0;4	16;18	1;0	
430	701	5;5	0;0	7822;9372	0;0	
431	702	3;1	1;0	7818;9433	1;1	
432	703	4;4	1;0	7894;10009	0;1	
433	704	2;3	7;24	2;6	7741;9916	
434	705	2;3	0;0	7751;9728	1;0	
435	706	0;0	15;19	1;1	7734;9819	
436	707	7736;9813	2;2	22;17	2;0	
437	708	1;0	7821;10058	0;0	5;6	
438	709	0;1	7758;10029	0;0	2;2	
439	710	7616;10032	0;1	9;7	0;3	
440	711	0;0	11;17	1;0	7565;10243	
441	712	0;1	2;3	1;0	7099;10147	
442	713	7086;10122	0;1	4;2	1;1	
443	714	0;0	7066;10094	0;0	6;9	
444	715	6867;10048	2;1	8;15	1;0	
445	716	5;2	0;0	6880;10274	0;0	
446	717	4;3	0;1	6869;10536	0;0	
447	718	6895;10066	0;0	13;16	1;1	
448	719	0;1	10;12	1;0	6850;10032	
449	720	0;0	6730;9911	0;0	6;2	
450	721	6720;9897	0;1	6;13	0;2	
451	722	7724;9992	0;1	15;16	0;0	
452	723	0;0	8443;9904	0;2	4;6	
453	724	9455;9893	1;1	14;11	2;0	
454	725	0;0	9531;9567	0;0	4;3	
455	726	1;0	3;5	0;0	9078;9478	
456	727	2;2	0;0	9115;9673	1;0	
457	728	2;0	9162;9664	0;0	4;3	
458	729	0;1	21;21	1;0	9137;9642	
459	730	3;2	15;18	1;0	9176;9677	
460	731	0;1	9172;9402	0;0	4;1	
461	732	0;2	8;14	3;3	9160;9382	
462	733	6;5	1;1	9167;9405	0;1	
463	734	9129;9397	0;1	13;13	0;0	
464	735	1;2	11;18	4;0	9350;9390	
465	736	2;4	0;0	9212;9421	0;0	
466	737	5;3	2;0	9204;9203	1;0	
467	738	1;1	9314;9070	0;0	4;4	
468	739	9292;9073	0;0	5;6	0;0	
469	740	9269;9071	2;2	14;12	0;0	
470	741	2;4	0;0	9367;9354	0;0	
471	742	0;0	9571;9601	0;0	1;3	
472	743	0;1	19;25	6;2	9533;9572	
473	744	0;0	9626;9653	1;0	1;2	
474	745	1;1	13;11	3;1	9585;9635	
475	746	9605;9666	2;0	12;10	2;1	
476	747	1;2	9618;9692	0;0	9;7	
477	748	7;12	0;0	9608;9692	1;1	
478	749	2;0	15;19	2;0	9616;9662	
479	750	0;0	9459;9587	0;1	1;1	
480	751	0;0	16;22	5;0	9159;9575	
481	752	0;0	9336;9680	1;0	2;1	
482	753	0;0	9304;9306	0;0	1;2	
483	754	3;1	20;20	7;0	9307;9487	
484	755	2;0	9339;9491	1;1	5;2	
485	756	0;0	9408;9327	0;1	6;9	
486	757	4;8	0;0	9405;9330	0;0	
487	758	9382;9304	1;0	15;12	1;1	
488	759	2;3	0;0	9395;9316	0;0	
489	760	9319;9284	0;0	24;23	4;3	
490	761	4;2	0;0	9265;9073	1;0	
491	762	0;2	9284;8991	0;0	5;6	
492	763	1;0	9179;8998	0;0	6;4	
493	764	9;6	1;0	9165;9055	0;0	
494	765	0;0	9330;9383	0;0	2;2	
495	766	0;0	16;20	4;0	9363;9373	
496	767	3;0	7;12	3;0	9447;9583	
497	768	0;1	9458;9581	0;0	5;0	
498	769	9444;9566	0;1	18;14	0;1	
499	770	9504;9571	1;0	14;10	0;1	
500	771	0;0	9665;9575	1;0	4;2	
501	772	9583;9606	8;1	26;8	3;1	
502	773	0;1	9740;9571	0;0	5;2	
503	774	0;0	9335;9429	0;0	2;3	
504	775	0;0	9484;9293	0;0	4;5	
505	776	1;0	16;15	4;2	9328;9265	
506	777	4;4	0;1	9359;9358	1;0	
507	778	5;4	1;0	9424;9369	1;0	
508	779	1;0	9499;9346	1;0	4;6	
509	780	0;1	9499;9341	0;0	13;4	
510	781	3;3	0;0	9476;9354	0;0	
511	782	9435;9392	0;3	7;6	2;1	
512	783	4;4	0;0	9441;9407	0;0	
513	784	0;2	11;13	1;0	9583;9390	
514	785	1;2	15;8	1;0	9627;9387	
515	786	5;2	1;0	9572;9329	0;0	
516	787	2;7	0;0	9609;9433	1;0	
517	788	0;3	28;23	4;3	9594;9235	
518	789	4;2	18;17	2;0	9604;9231	
519	790	0;0	9707;9247	0;0	4;3	
520	791	9625;9230	0;0	10;9	1;2	
521	792	3;2	17;21	2;0	9619;9280	
522	793	0;0	9634;9069	0;0	2;0	
523	794	9749;9063	0;0	12;9	0;0	
524	795	0;1	16;14	2;0	10047;9267	
525	796	0;0	10464;9168	0;0	2;2	
526	797	10517;9393	1;2	9;10	0;0	
527	798	1;0	11;12	2;0	10514;9327	
528	799	1;1	13;13	1;0	10497;9311	
529	800	0;0	10519;9291	0;0	3;4	
530	801	10687;9265	0;1	16;12	0;1	
531	802	10714;9214	1;1	13;12	0;1	
532	803	1;0	10827;8997	0;1	8;6	
533	804	5;4	0;1	10685;8970	1;0	
534	805	5;4	2;1	10714;9013	0;0	
535	806	2;2	18;17	2;0	10948;8952	
536	807	2;3	0;0	10968;8992	0;1	
537	808	10;11	0;0	10967;8854	0;0	
538	809	3;0	11032;8870	1;1	2;1	
539	810	0;0	11046;8867	0;0	7;9	
540	811	5;7	0;0	11010;8867	0;1	
541	812	11019;8863	0;2	14;8	0;0	
542	813	1;1	11113;7915	1;1	13;5	
543	814	12;6	0;0	11068;7925	1;0	
544	815	4;2	1;1	11131;7978	1;2	
545	816	4;7	0;0	11201;8113	1;0	
546	817	0;0	11650;8000	0;0	9;5	
547	818	1;0	17;18	2;1	12009;7984	
548	819	0;1	12084;8185	0;1	4;2	
549	820	12064;8167	1;3	13;11	0;0	
550	821	2;0	15;3	2;0	12077;8264	
551	822	1;0	12091;8225	0;0	4;1	
552	823	12009;8226	5;1	30;14	3;1	
553	824	2;0	12016;8160	0;0	5;3	
554	825	0;0	11742;8074	0;0	9;2	
555	826	11706;8093	1;4	18;6	5;0	
556	827	1;1	11747;8090	0;1	3;8	
557	828	5;5	0;0	11560;8073	0;0	
558	829	2;0	11630;8097	0;0	2;4	
559	830	1;1	18;13	3;0	11570;8072	
560	831	0;0	11775;8825	1;0	5;3	
561	832	1;0	11757;8810	0;0	1;0	
562	833	11738;8830	0;0	5;5	2;2	
563	834	0;0	23;10	2;0	11895;8825	
564	835	0;0	13;7	2;0	11849;8807	
565	836	11897;8935	1;1	9;6	0;0	
566	837	3;2	6;7	3;0	11910;8927	
567	838	2;1	11882;8839	0;0	5;1	
568	839	0;0	11820;8610	1;1	5;4	
569	840	10959;8427	0;2	21;9	0;0	
570	841	9;5	0;2	10999;8546	0;2	
571	842	3;2	11009;8415	0;0	4;5	
572	843	0;1	11015;8370	1;0	4;2	
573	844	0;0	11178;8367	1;1	6;4	
574	845	1;1	11079;8216	0;0	1;3	
575	846	11068;8213	0;2	7;2	0;0	
576	847	11071;8219	2;4	5;3	0;0	
577	848	11050;8150	0;0	18;14	0;0	
578	849	3;4	0;1	11068;8190	0;0	
579	850	2;2	10963;8084	1;0	7;2	
580	851	5;7	0;1	10928;8078	0;0	
581	852	1;0	10938;7904	0;0	9;5	
582	853	10911;7895	1;0	21;15	2;0	
583	854	10921;7399	0;1	21;12	3;3	
584	855	0;0	11042;7258	0;0	4;4	
585	856	11006;7252	0;2	12;7	0;0	
586	857	11002;7195	1;0	11;5	0;0	
587	858	5;3	0;0	10988;7239	0;0	
588	859	1;0	11066;6871	1;0	4;5	
589	860	0;0	11057;6863	0;0	7;1	
590	861	2;2	10951;6626	0;0	3;8	
591	862	10928;6652	2;3	16;7	1;0	
592	863	1;0	11036;6430	0;0	3;3	
593	864	0;1	10;9	2;0	11014;6529	
594	865	5;3	0;0	11415;8841	0;0	
595	866	3;1	22;17	1;0	11559;8918	
596	867	2;1	11530;8993	0;0	2;2	
597	868	0;0	8;12	4;1	11498;8978	
598	869	11481;9042	0;1	21;14	0;0	
599	870	3;0	21;16	3;1	11548;9038	
600	871	2;3	0;0	11546;9055	0;2	
601	872	4;6	0;0	11541;9147	0;3	
602	873	0;3	16;20	6;2	10482;8889	
603	874	7;4	0;0	9721;8828	0;0	
604	875	0;2	15;14	0;0	8532;8645	
605	876	0;3	1;0	8541;8837	0;1	
606	877	1;1	23;24	3;1	8639;8856	
607	878	0;0	8822;8724	0;0	6;5	
608	879	0;1	8858;8778	1;0	6;9	
609	880	3;2	9094;8750	1;0	4;3	
610	881	2;3	9062;8727	0;0	3;4	
611	882	2;1	9007;8725	0;0	4;1	
612	883	8962;8807	1;2	16;8	2;0	
613	884	8998;8856	1;1	8;6	1;0	
614	885	1;0	9004;8860	0;0	2;2	
615	886	0;0	8;10	2;0	8844;8826	
616	887	8832;8830	0;0	7;11	1;1	
617	888	0;1	8858;8837	0;0	2;1	
618	889	3;3	0;1	8850;8841	0;0	
619	890	8840;8834	1;2	14;16	4;3	
620	891	0;1	8853;8680	0;0	5;4	
621	892	8751;8697	0;2	9;6	2;0	
622	893	8731;8488	0;0	14;11	0;1	
623	894	2;0	0;0	8755;8611	0;0	
624	895	0;0	5;8	4;1	8706;8547	
625	896	4;5	0;0	8708;8578	0;0	
626	897	4;4	0;0	8839;8577	0;1	
627	898	5;4	0;0	8860;8621	0;0	
628	899	8828;8610	0;1	15;17	1;1	
629	900	3;4	0;0	8810;8606	1;0	
630	901	8814;8597	1;0	16;14	0;0	
631	902	0;0	6;9	1;0	8823;8548	
632	903	1;3	0;1	8662;8458	0;0	
633	904	3;3	0;0	8658;8459	1;1	
634	905	8617;8285	0;1	8;11	0;1	
635	906	8601;8266	0;1	21;17	0;0	
636	907	1;0	8540;8306	0;0	3;9	
637	908	3;5	0;0	8539;8365	0;0	
638	909	0;1	8570;8387	0;0	2;3	
639	910	8546;8379	0;0	16;11	1;3	
640	911	0;0	8555;8390	0;0	9;9	
641	912	4;5	0;0	8551;8430	1;0	
642	913	3;5	0;0	8584;8628	0;0	
643	914	8547;8593	0;0	12;13	1;3	
644	915	1;0	8612;8348	0;0	5;4	
645	916	8715;8331	0;2	7;7	1;0	
646	917	0;3	10;14	2;0	8707;8439	
647	918	1;1	8714;8295	1;1	4;3	
648	919	8700;8352	3;2	26;16	0;0	
649	920	1;0	8756;8529	0;0	3;3	
650	921	1;0	8709;8513	0;0	6;5	
651	922	8533;8572	1;1	16;12	0;1	
652	923	1;1	10;14	0;0	8514;8530	
653	924	2;2	0;1	8397;8477	0;0	
654	925	8446;8475	0;1	22;16	1;0	
655	926	8260;8511	0;2	32;28	2;2	
656	927	5;3	0;0	8294;8666	0;0	
657	928	0;0	8307;8586	1;0	1;2	
658	929	8249;8557	1;3	13;11	1;1	
659	930	1;0	8260;8592	1;0	4;1	
660	931	8202;8574	0;0	15;8	1;0	
661	932	8222;8683	0;2	19;13	0;0	
662	933	3;1	1;1	8237;8654	0;0	
663	934	0;0	8507;8581	1;0	10;6	
664	935	0;0	4;4	1;1	8697;8551	
665	936	5;3	0;0	8638;8766	0;0	
666	937	1;0	0;0	8733;9396	0;0	
667	938	5;2	1;0	8893;9397	0;0	
668	939	1;0	8928;9394	1;0	9;5	
669	940	10;4	0;0	8914;9395	0;0	
670	941	4465;5558	0;1	4406;3816	1;1	
671	942	4;1	0;0	8931;9398	0;1	
672	943	1;3	0;0	8979;9610	2;0	
673	944	3;3	1;1	8986;9641	0;1	
674	945	1;0	8979;9606	1;0	6;6	
675	946	2;0	8604;9548	0;0	1;0	
676	947	7951;9448	1;1	8;11	0;0	
677	948	4;2	0;0	8059;9916	0;0	
678	949	1;0	1700;2388	1;1	6383;7525	
679	950	8165;10015	2;0	8;5	0;1	
680	951	1;0	8166;10010	0;0	3;3	
681	952	7;8	1;1	7866;9979	0;0	
682	953	3;5	0;1	8247;9961	0;1	
683	954	1;3	0;0	8137;9941	0;0	
684	955	4;4	0;0	8198;10116	0;0	
685	956	8136;10076	0;3	5;4	2;1	
686	957	4;5	0;1	7564;10059	0;0	
687	958	1;5	1;1	7672;10781	0;0	
688	959	0;2	15;20	1;2	7689;10740	
689	960	8;3	0;0	7781;11344	0;0	
690	961	0;0	6;7	1;0	7819;11332	
691	962	7818;11344	1;0	13;12	2;2	
692	963	0;0	7826;11347	0;0	6;7	
693	964	6;5	0;0	7693;11317	0;0	
694	965	7762;11286	0;3	17;22	0;1	
695	966	5;7	0;0	7718;11246	1;1	
696	967	1;3	0;0	7160;11036	0;1	
697	968	3;7	0;0	7189;11019	0;1	
698	969	0;1	6688;10767	0;0	4;9	
699	970	5;11	0;0	6696;10840	1;1	
700	971	1;4	8;21	0;0	6714;10833	
701	972	0;5	0;0	6728;10850	2;0	
702	973	0;0	7;11	2;1	6734;10838	
703	974	0;2	0;0	6738;10854	2;1	
704	975	1;4	0;0	6779;11097	0;0	
705	976	6957;11109	0;2	4;6	0;0	
706	977	6931;11072	2;2	25;31	0;0	
707	978	2;6	0;0	6956;11152	1;0	
708	979	6975;11241	0;2	7;15	0;0	
709	980	7854;11268	0;2	10;13	0;0	
710	981	7911;11271	1;4	9;30	2;2	
711	982	0;0	1;3	0;0	7932;10744	
712	983	7912;10723	0;3	12;10	2;2	
713	984	1;0	7927;10729	0;0	2;1	
714	985	7682;10647	0;1	19;27	0;0	
715	986	3;3	1;0	7752;10942	0;0	
716	987	0;0	8110;10822	1;1	6;5	
717	988	0;0	8215;10818	0;0	3;4	
718	989	0;1	5;14	2;1	8142;10791	
719	990	3;6	0;0	8162;10932	0;0	
720	991	8268;10926	0;1	18;16	2;1	
721	992	1;0	8296;10821	0;0	5;5	
722	993	3;7	1;0	8274;10815	0;1	
723	994	3;7	0;0	8306;10821	1;1	
724	995	1;2	7;21	0;6	8098;10745	
725	996	3;4	0;0	8107;10805	0;0	
726	997	5;4	0;0	8148;10915	0;0	
727	998	4;0	8442;10918	5;0	9;6	
728	999	0;1	8487;10911	0;0	9;11	
729	1000	6;10	0;0	8492;10954	1;1	
730	1001	1;2	11;24	1;1	8490;10938	
731	1002	3;4	0;0	8498;10964	2;1	
732	1003	8487;10870	2;3	8;8	0;3	
733	1004	8475;10861	0;1	20;23	0;0	
734	1005	4;2	0;0	8502;10924	1;1	
735	1006	8729;10877	1;1	20;22	2;0	
736	1007	1;1	8821;11194	0;0	5;3	
737	1008	1;1	8818;11119	0;0	1;4	
738	1009	0;1	7;16	0;0	8913;11111	
739	1010	0;0	8;14	1;0	8928;11137	
740	1011	2;4	0;0	8940;11162	0;0	
741	1012	8978;11241	0;3	10;10	1;2	
742	1013	8972;11213	1;1	15;24	0;0	
743	1014	3;2	0;0	8938;11078	0;0	
744	1015	3;4	1;1	8919;11019	0;0	
745	1016	8619;9010	0;0	20;23	1;1	
746	1017	3;3	3;0	8633;9010	0;0	
747	1018	4;7	0;0	9372;8960	0;0	
748	1019	9393;9034	0;1	16;15	2;1	
749	1020	0;0	9443;9191	1;1	7;4	
750	1021	9378;9181	0;0	12;11	1;1	
751	1022	1;0	9517;9495	0;0	3;6	
752	1023	0;0	9491;9490	0;0	5;6	
753	1024	9459;9502	1;2	11;13	0;1	
754	1025	1;0	7;10	0;0	9544;9469	
755	1026	6;5	0;1	9485;9470	0;0	
756	1027	4;5	0;0	9507;9344	1;1	
757	1028	10318;9339	0;2	19;22	2;1	
758	1029	5;4	0;0	10097;9406	0;0	
759	1030	7;9	1;0	10110;9472	0;0	
760	1031	1;4	13;31	1;5	9793;9389	
761	1032	4;4	1;0	9795;9436	0;0	
762	1033	2;2	2;0	9810;9449	1;0	
763	1034	9818;9364	1;0	3;7	2;1	
764	1035	9780;9308	0;1	26;22	1;0	
765	1036	1;4	0;0	9799;9299	0;0	
766	1037	9717;9272	0;1	9;9	0;0	
767	1038	2;3	1;0	9747;9408	1;1	
768	1039	0;2	13;16	2;2	9639;9365	
769	1040	1;0	12;18	1;1	9647;9377	
770	1041	1;0	9674;9390	0;0	1;6	
771	1042	1;0	12;16	1;0	9669;9376	
772	1043	0;0	14;12	2;0	9672;9389	
773	1044	3;6	0;0	9687;9398	0;0	
774	1045	9741;9287	1;1	13;14	1;0	
775	1046	9751;9293	0;0	10;12	0;0	
776	1047	9561;9228	0;2	24;24	2;2	
777	1048	0;1	0;0	9585;9245	0;0	
778	1049	9590;9243	1;0	18;9	0;0	
779	1050	9524;9230	0;0	15;15	2;1	
780	1051	2;1	0;0	9540;9257	1;0	
781	1052	0;1	9721;9213	0;0	3;8	
782	1053	0;0	9;3	2;1	9687;9212	
783	1054	6;3	2;1	9690;9234	0;0	
784	1055	0;1	9694;9226	0;0	7;7	
785	1056	9674;9219	0;0	23;15	1;0	
786	1057	4;2	1;0	9743;9426	0;0	
787	1058	2;1	23;16	1;1	9708;9399	
788	1059	2;1	9712;9443	0;0	8;8	
789	1060	9777;9436	1;0	22;12	0;2	
790	1061	0;0	11;14	1;1	9768;9437	
791	1062	3;2	0;0	9780;9447	0;0	
792	1063	9803;9423	1;0	25;18	0;0	
793	1064	9823;9245	1;1	6;5	0;0	
794	1065	9786;9224	2;1	28;22	2;0	
795	1066	0;3	0;0	9763;9159	1;0	
796	1067	9709;9134	0;2	25;21	3;1	
797	1068	4;1	0;1	9700;9140	0;0	
798	1069	10046;9136	1;1	18;16	1;0	
799	1070	0;2	7;5	1;0	10582;9106	
800	1071	1;0	10589;8985	0;0	5;4	
801	1072	10549;8974	2;0	15;6	1;1	
802	1073	10819;8889	1;1	14;10	1;1	
803	1074	10842;8883	4;2	12;13	0;0	
804	1075	0;1	10869;8936	1;0	2;1	
805	1076	10755;8976	12;0	22;13	3;2	
806	1077	0;1	10909;9420	0;1	3;4	
807	1078	2;2	10877;9385	0;0	7;5	
808	1079	0;1	10880;9371	0;0	5;5	
809	1080	2;2	9;8	2;0	10860;9365	
810	1081	10893;9482	1;0	8;8	0;0	
811	1082	10930;9632	1;0	16;13	1;1	
812	1083	1;0	11039;9528	0;0	10;4	
813	1084	0;0	11060;9302	0;0	4;4	
814	1085	1;3	15;12	2;0	10737;9236	
815	1086	4;6	0;0	10286;9157	0;1	
816	1087	1;2	0;0	10328;9351	1;0	
817	1088	1;1	11;11	2;1	10214;8771	
818	1089	1;1	0;0	10219;8676	0;0	
819	1090	0;0	10143;8651	0;0	5;5	
820	1091	9962;8614	1;0	14;6	0;1	
821	1092	4;3	1;0	9993;8727	0;0	
822	1093	1;1	10083;8428	0;0	5;2	
823	1094	0;0	11;10	1;0	10142;8771	
824	1095	0;0	10168;8795	1;0	2;2	
825	1096	0;1	10010;8724	0;0	5;5	
826	1097	1;0	14;4	1;0	9985;8725	
827	1098	1;2	14;9	0;0	10313;8718	
828	1099	5;4	0;0	10312;8200	2;1	
829	1100	5;10	0;0	10335;8208	0;0	
830	1101	2;1	0;0	10263;8201	1;0	
831	1102	4;3	0;0	10320;8273	2;1	
832	1103	1;0	20;15	2;0	9945;8155	
833	1104	0;1	9972;8028	0;0	3;2	
834	1105	0;1	10;11	1;1	9949;8007	
835	1106	3;5	0;0	9986;8183	0;1	
836	1107	2;0	10118;8106	0;0	4;5	
837	1108	10201;8123	3;0	11;5	0;0	
838	1109	0;1	10230;7588	1;0	4;3	
839	1110	0;0	10108;7057	0;0	2;1	
840	1111	1;0	10032;7055	0;1	7;5	
841	1112	12;9	0;0	10021;7060	0;0	
842	1113	6;4	1;0	10014;7050	0;0	
843	1114	7;4	0;0	10018;7051	1;0	
844	1115	9847;7014	0;3	24;14	0;0	
845	1116	3;1	1;0	9862;7038	1;0	
846	1117	0;0	9900;7133	0;0	2;2	
847	1118	1;0	9903;7132	2;1	3;3	
848	1119	2;1	9888;7135	1;0	8;3	
849	1120	0;0	9891;7109	0;0	5;4	
850	1121	1;0	9854;7104	3;1	8;6	
851	1122	5;4	0;0	10001;7896	0;0	
852	1123	0;0	28;12	1;0	10343;7949	
853	1124	0;0	11;13	0;2	10363;7958	
854	1125	0;0	10407;7863	0;0	5;3	
855	1126	0;0	11;8	1;1	10162;7821	
856	1127	10254;7947	1;2	6;7	0;0	
857	1128	0;0	10;8	0;0	10260;8026	
858	1129	10241;7989	0;1	8;7	0;0	
859	1130	2;2	14;17	0;0	10258;8002	
860	1131	0;0	9307;7802	0;0	2;1	
861	1132	9289;7820	1;1	10;4	1;1	
862	1133	1;1	13;15	1;0	9299;7965	
863	1134	0;0	9180;7948	0;0	1;1	
864	1135	9147;7957	0;0	14;13	0;0	
865	1136	0;0	9226;7739	1;0	0;0	
866	1137	0;0	6;12	2;0	9018;7693	
867	1138	5;7	0;0	9024;7755	1;0	
868	1139	8857;7733	1;2	23;13	1;2	
869	1140	1;5	1;0	8936;8169	0;0	
870	1141	0;1	20;21	1;0	8879;8041	
871	1142	0;1	8;10	1;0	8798;8030	
872	1143	0;0	8788;8027	0;0	5;1	
873	1144	8734;8014	0;0	15;8	1;0	
874	1145	0;0	7;9	2;0	8734;8002	
875	1146	1;4	0;0	8745;8034	0;1	
876	1147	8860;8345	1;0	24;26	3;2	
877	1148	0;0	8893;8318	0;0	2;3	
878	1149	0;0	8556;8254	0;0	2;3	
879	1150	0;0	5;5	2;0	8457;8284	
880	1151	8489;8338	0;1	18;8	0;0	
881	1152	1;0	8497;8353	0;0	0;5	
882	1153	7;7	0;0	8487;8352	2;0	
883	1154	1;3	0;0	8500;8377	0;0	
884	1155	0;1	0;1	8541;8377	0;0	
885	1156	8289;8282	0;0	13;7	2;2	
886	1157	8244;8261	0;0	15;10	0;1	
887	1158	0;0	8263;8148	0;0	7;1	
888	1159	0;0	8460;8772	0;0	2;2	
889	1160	1;1	16;10	0;2	8355;8788	
890	1161	1;1	8489;8784	0;0	1;2	
891	1162	0;0	8483;8634	0;1	6;4	
892	1163	1;0	7;13	2;1	8455;8623	
893	1164	7;7	0;0	8463;8692	2;0	
894	1165	7;4	0;0	8600;8744	1;0	
895	1166	8631;8695	0;1	15;20	0;0	
896	1167	0;0	8662;8715	0;0	5;4	
897	1168	0;0	7;10	2;0	7851;8596	
898	1169	8057;9759	0;0	11;6	1;1	
899	1170	0;0	8068;9628	1;1	5;1	
900	1171	2;1	8085;9252	0;0	5;6	
901	1172	0;0	16;17	2;0	8079;9238	
902	1173	4;4	0;0	8036;9279	0;0	
903	1174	8005;9276	0;1	25;17	1;1	
904	1175	3;4	0;0	8027;9270	0;0	
905	1176	3;5	1;0	8026;9266	0;0	
906	1177	1;5	0;0	8078;9318	0;0	
907	1178	7089;9121	0;0	17;21	0;0	
908	1179	2;4	0;0	7109;9169	1;0	
909	1180	1;0	7;11	2;2	7286;9074	
910	1181	3;9	0;1	7294;8998	0;0	
911	1182	0;1	7291;8987	0;1	7;7	
912	1183	7321;8991	0;0	7;5	0;0	
913	1184	7331;8984	1;0	11;25	1;3	
914	1185	0;0	7372;9011	0;1	2;5	
915	1186	1;1	7327;9018	0;0	4;4	
916	1187	5;2	0;1	7319;9105	0;1	
917	1188	5;6	0;0	7296;9097	1;0	
918	1189	1;2	7309;8994	0;0	3;4	
919	1190	7272;8980	0;0	16;16	0;0	
920	1191	2;3	0;0	7281;9004	0;0	
921	1192	6;7	0;0	7302;9088	0;0	
922	1193	7457;9083	0;1	9;13	0;3	
923	1194	0;0	0;0	7472;9185	0;3	
924	1195	4;6	0;0	7464;9186	0;1	
925	1196	1;2	7;11	2;2	7367;9159	
926	1197	2;5	1;0	7368;9176	1;1	
927	1198	7484;9160	1;3	17;19	0;0	
928	1199	7486;9190	0;0	17;16	1;0	
929	1200	0;0	7503;9149	0;0	3;3	
930	1201	3;3	0;0	7372;9128	0;0	
931	1202	2;2	7542;9212	0;0	3;6	
932	1203	0;2	7487;9198	1;0	6;7	
933	1204	4;7	0;0	7488;9237	0;0	
934	1205	1;2	13;20	2;0	7475;9232	
935	1206	4;7	0;0	7485;9258	0;0	
936	1207	4;6	0;1	7552;9592	0;1	
937	1208	2;2	7;15	3;0	7950;9428	
938	1209	3;2	0;0	7939;9426	0;3	
939	1210	0;0	7990;9583	0;0	5;4	
940	1211	0;0	15;16	2;1	7890;9563	
941	1212	5;2	0;0	7996;10282	0;1	
942	1213	0;1	8068;10256	0;0	11;13	
943	1214	0;0	18;16	3;0	8028;10252	
944	1215	2;8	0;1	8120;10853	0;0	
945	1216	1;0	7;10	3;0	7915;10801	
946	1217	7928;10806	1;0	10;10	3;1	
947	1218	1;3	8024;10670	0;0	4;2	
948	1219	7599;10575	0;1	12;22	0;0	
949	1220	2;2	4;8	1;0	7605;10649	
950	1221	3;6	0;0	6967;10529	1;0	
951	1222	5;8	0;3	7037;10528	0;0	
952	1223	0;1	8235;10534	2;2	1;5	
953	1224	0;0	7900;10474	0;0	6;7	
954	1225	8066;10610	0;0	9;3	3;1	
955	1226	0;1	8156;10123	0;0	3;1	
956	1227	0;0	11;15	5;0	8246;10106	
957	1228	0;0	8265;10134	0;0	3;4	
958	1229	8154;10112	0;0	8;7	0;0	
959	1230	0;0	0;2	8192;10289	2;1	
960	1231	8257;10270	1;0	13;16	0;1	
961	1232	0;0	11;9	2;1	8342;10187	
962	1233	2;1	8817;10126	0;1	2;1	
963	1234	1;1	14;19	4;0	8706;10091	
964	1235	0;1	8666;10147	0;0	6;3	
965	1236	5;4	0;0	8662;10143	0;3	
966	1237	2;0	16;12	2;0	8663;10109	
967	1238	1;0	8682;9972	0;0	2;1	
968	1239	8580;9933	1;1	13;21	0;0	
969	1240	5;5	0;0	8656;10340	0;0	
970	1241	0;0	8722;10346	0;1	6;7	
971	1242	0;0	8689;10255	0;1	8;2	
972	1243	8689;10335	0;0	23;16	1;1	
973	1244	0;0	13;14	1;0	8649;10346	
974	1245	6;6	0;0	8670;10183	1;1	
975	1246	3;8	1;0	8750;10131	0;0	
976	1247	8719;10114	0;0	19;20	2;1	
977	1248	8;7	1;0	8742;10242	0;0	
978	1249	1;2	5;14	2;0	8355;10165	
979	1250	8386;10306	1;1	11;9	4;2	
980	1251	1;1	8408;10231	0;0	7;5	
981	1252	2;2	8335;10111	0;1	6;5	
982	1253	1;0	17;14	3;0	8275;10095	
983	1254	2;1	0;1	8215;10122	1;2	
984	1255	1;2	1;0	8196;10128	0;1	
985	1256	8144;10091	0;0	11;13	1;0	
986	1257	5;5	0;1	8103;9992	0;2	
987	1258	8131;9969	0;0	8;8	0;0	
988	1259	7987;9931	1;0	17;14	2;2	
989	1260	2;3	0;0	8006;9915	0;2	
990	1261	8264;9908	2;1	7;6	0;0	
991	1262	8278;9898	0;1	2;4	0;0	
992	1263	8245;9883	0;0	3;14	1;0	
993	1264	8349;10255	1;3	7;6	0;0	
994	1265	8449;10399	1;0	15;14	0;1	
995	1266	1;0	8477;10310	0;0	2;2	
996	1267	0;0	3;4	2;0	8461;10293	
997	1268	2;3	2;4	2806;3071	5631;7213	
998	1269	1;1	8646;10332	0;0	1;5	
999	1270	8637;10329	0;1	13;17	0;0	
1000	1271	0;0	5;9	0;0	8673;10348	
1001	1272	0;0	8790;9709	0;0	5;8	
1002	1273	1;0	8571;9564	0;0	0;6	
1003	1274	8415;9596	0;1	18;14	2;0	
1004	1275	0;0	8419;9451	0;0	4;5	
1005	1276	8375;9427	1;1	14;16	1;0	
1006	1277	0;2	0;0	8385;9523	1;2	
1007	1278	8286;9395	0;3	23;21	0;2	
1008	1279	0;0	0;0	8322;9420	0;1	
1009	1280	8393;9405	0;1	13;8	0;0	
1010	1281	0;1	13;13	2;1	8360;9282	
1011	1282	1;1	8340;9124	0;0	1;1	
1012	1283	0;0	5;4	0;0	8327;9105	
1013	1284	1;1	5;7	0;0	8594;9099	
1014	1285	2;5	0;0	8597;9089	0;1	
1015	1286	1;0	8565;9005	0;0	10;6	
1016	1287	0;0	10;16	1;1	8473;8964	
1017	1288	1;3	0;0	8470;9095	0;2	
1018	1289	1;0	8557;9094	0;0	3;4	
1019	1290	1;0	8602;8728	1;1	5;1	
1020	1291	0;0	8594;8719	0;1	5;3	
1021	1292	2;2	0;1	8594;8723	0;1	
1022	1293	8642;8771	0;3	3;5	0;0	
1023	1294	8643;8769	1;1	4;1	0;0	
1024	1295	8727;8760	0;0	17;11	1;1	
1025	1296	2;0	8761;8406	0;0	5;4	
1026	1297	0;1	5;8	0;0	8635;8378	
1027	1298	2;2	1;0	8655;8524	0;0	
1028	1299	0;1	8667;8469	0;0	4;5	
1029	1300	0;1	8670;8377	0;0	9;7	
1030	1301	2;1	18;14	2;2	8704;8471	
1031	1302	6;8	0;0	8695;8587	0;0	
1032	1303	2;4	0;0	8759;8774	0;0	
1033	1304	0;1	5;6	1;1	8763;8772	
1034	1305	8685;8734	0;1	16;9	0;2	
1035	1306	4;6	0;0	8712;8889	0;1	
1036	1307	6;5	0;0	8672;8877	1;1	
1037	1308	2;5	0;1	8698;8904	1;5	
1038	1309	2;0	0;0	8736;8789	0;2	
1039	1310	8491;8164	0;0	22;18	0;0	
1040	1311	2;1	1;1	8470;8186	0;1	
1041	1312	9430;8112	1;0	15;23	2;1	
1042	1313	9662;8133	1;0	13;17	2;1	
1043	1314	0;0	9749;8143	0;0	7;7	
1044	1315	1;0	9614;8114	0;0	5;3	
1045	1316	9577;8132	2;1	11;11	0;0	
1046	1317	2;0	9579;8113	1;0	7;3	
1047	1318	1;2	8;5	3;1	9515;8086	
1048	1319	4;1	9;7	0;0	9567;8117	
1049	1320	4;1	0;1	9542;7258	0;1	
1050	1321	4;1	0;0	9547;7198	0;0	
1051	1322	1;1	17;10	1;0	9657;7177	
1052	1323	2;4	0;0	9630;7189	1;1	
1053	1324	9616;7145	1;0	9;12	2;0	
1054	1325	9529;7173	1;0	20;15	2;1	
1055	1326	3;0	0;0	9534;7218	0;0	
1056	1327	4;3	0;0	9482;7214	1;0	
1057	1328	0;0	9;10	1;0	9467;7149	
1058	1329	9259;7136	0;1	4;3	2;1	
1059	1330	1;4	0;0	9261;7059	1;1	
1060	1331	1;0	9323;7040	0;0	6;4	
1061	1332	0;0	12;7	4;2	9304;7032	
1062	1333	3;1	0;0	9337;7118	1;1	
1063	1334	9460;7209	1;2	5;5	1;1	
1064	1335	0;1	5;5	0;0	9440;7170	
1065	1336	0;1	5;8	2;0	9424;7174	
1066	1337	0;0	8;5	2;2	9421;7150	
1067	1338	0;0	4;11	2;0	9393;7062	
1068	1339	2;4	0;0	9393;7167	1;1	
1069	1340	5;3	1;1	9422;7164	0;0	
1070	1341	0;0	9427;7142	2;1	5;3	
1071	1342	0;0	9417;6950	0;0	5;3	
1072	1343	0;0	5;8	3;0	9196;6911	
1073	1344	4;3	0;0	9231;7099	0;1	
1074	1345	9276;7098	1;1	16;10	1;0	
1075	1346	1;2	0;0	9293;7087	0;0	
1076	1347	2;1	9403;7099	0;1	4;2	
1077	1348	9213;7061	1;3	16;7	2;0	
1078	1349	5;2	0;0	9259;7267	1;0	
1079	1350	3;2	0;1	9317;7386	2;0	
1080	1351	5;6	13;13	2;1	9790;7354	
1081	1352	0;0	0;6	0;0	9873;7358	
1082	1353	4;5	0;0	9704;7243	0;0	
1083	1354	9655;7229	0;0	34;22	1;0	
1084	1355	1;2	7;12	0;1	9711;7249	
1085	1356	6;3	1;1	9707;7236	1;0	
1086	1357	9679;7255	1;0	19;13	0;2	
1087	1358	2;0	9636;6992	0;0	5;5	
1088	1359	9163;6905	0;3	21;15	0;1	
1089	1360	8;3	0;0	9177;6963	0;2	
1090	1361	1;0	2;0	9323;6748	0;0	
1091	1362	6;3	0;0	9336;6779	0;1	
1092	1363	4;0	0;1	9401;6184	0;0	
1093	1364	9785;6152	0;0	27;7	2;1	
1094	1365	0;0	9962;6317	1;0	7;2	
1095	1366	9868;6307	0;2	29;10	2;1	
1096	1367	0;0	9937;6544	0;0	3;3	
1097	1368	0;0	10031;6587	0;0	5;2	
1098	1369	1;0	12;4	1;0	9962;6642	
1099	1370	10049;6767	1;4	15;11	1;0	
1100	1371	0;0	10001;6666	0;0	7;3	
1101	1372	9889;6640	3;3	19;13	2;1	
1102	1373	1;0	9893;6624	0;0	8;8	
1103	1374	8549;6482	1;1	13;5	0;0	
1104	1375	1;5	0;0	8659;6895	0;0	
1105	1376	2;0	8643;6675	1;1	3;3	
1106	1377	1;0	8571;6680	1;0	7;2	
1107	1378	1;0	8452;6653	1;0	3;0	
1108	1379	8332;6660	2;0	15;9	0;0	
1109	1380	0;0	4;2	1;2	8452;6712	
1110	1381	3;4	0;0	8460;6578	0;0	
1111	1382	1;0	8475;6514	0;0	7;4	
1112	1383	0;0	7;5	1;1	8369;6502	
1113	1384	5;6	0;0	7856;6459	0;1	
1114	1385	2;3	0;0	7955;6462	0;1	
1115	1386	8529;6409	0;1	19;7	1;2	
1116	1387	4;2	0;0	8564;6461	2;2	
1117	1388	2;1	9095;6452	0;0	5;3	
1118	1389	0;0	9083;6448	0;0	3;2	
1119	1390	9116;6450	1;2	7;2	1;1	
1120	1391	9093;6122	1;1	15;8	0;0	
1121	1392	0;3	0;0	9116;6131	1;0	
1122	1393	0;0	12;5	2;0	9685;6130	
1123	1394	1;0	7;4	0;0	9681;6049	
1124	1395	2;0	9694;5948	0;0	1;2	
1125	1396	1;0	9636;5869	0;0	7;3	
1126	1397	2;1	9637;5872	0;0	5;2	
1127	1398	0;0	9631;5792	1;0	7;3	
1128	1399	9688;5897	0;0	13;6	0;0	
1129	1400	1;1	12;4	4;0	9697;5911	
1130	1401	1;0	9828;5929	1;1	2;4	
1131	1402	9878;5934	0;0	6;4	0;0	
1132	1403	10118;5942	0;0	4;4	1;0	
1133	1404	10141;5938	1;0	12;8	0;0	
1134	1405	1;1	6;3	0;0	10144;5917	
1135	1406	4;4	0;0	10124;5946	0;0	
1136	1407	1;0	1;1	10187;5997	1;0	
1137	1408	10152;5931	0;1	13;7	1;1	
1138	1409	2;0	10158;5881	0;0	6;1	
1139	1410	1;1	10;8	0;0	9919;5835	
1140	1411	7;3	1;0	9963;5984	0;0	
1141	1412	0;0	10040;5989	1;0	6;3	
1142	1413	10046;5999	1;1	19;7	2;0	
1143	1414	0;0	10109;5782	0;0	8;3	
1144	1415	0;0	10184;5650	0;0	4;3	
1145	1416	0;1	10086;5612	1;0	4;2	
1146	1417	5;5	0;0	10079;5611	0;0	
1147	1418	10196;5596	2;1	24;10	1;2	
1148	1419	0;0	0;0	10224;5610	1;0	
1149	1420	10140;5565	0;0	23;14	0;0	
1150	1421	4;3	0;0	10157;5585	0;0	
1151	1422	2;0	10142;5532	1;0	3;0	
1152	1423	2;0	10005;5398	1;0	3;1	
1153	1424	1;0	10;8	2;1	9925;5378	
1154	1425	2;2	0;0	9942;5435	0;0	
1155	1426	2;2	0;0	9979;5544	0;0	
1156	1427	2;0	10005;5458	6;3	6;4	
1157	1428	2;0	10011;5391	0;0	7;2	
1158	1429	1;1	6;6	2;0	10117;5376	
1159	1430	10131;5442	0;0	18;5	3;0	
1160	1431	2;0	10364;5463	0;0	4;3	
1161	1432	10361;5465	0;0	8;6	0;0	
1162	1433	10345;5448	0;0	22;13	1;0	
1163	1434	1;0	10278;5449	0;0	5;1	
1164	1435	9959;5410	0;0	2;3	0;0	
1165	1436	9936;5407	0;0	12;5	0;0	
1166	1437	1;0	0;0	9950;5455	0;1	
1167	1438	0;0	20;4	1;0	9969;5455	
1168	1439	0;0	8;3	1;0	9900;5352	
1169	1440	0;0	9878;5354	0;0	5;2	
1170	1441	0;0	10;7	2;1	10386;5345	
1171	1442	0;0	10407;5374	1;1	4;2	
1172	1443	1;0	10393;5345	1;0	4;4	
1173	1444	10408;5379	1;0	13;2	0;0	
1174	1445	1;0	15;11	1;0	10411;5371	
1175	1446	0;0	10470;5353	0;0	4;2	
1176	1447	10437;5345	0;0	16;10	0;0	
1177	1448	10429;5380	0;0	12;4	0;0	
1178	1449	1;2	0;0	10440;5284	1;0	
1179	1450	1;0	16;7	0;0	10447;5280	
1180	1451	0;0	10608;5188	1;0	2;3	
1181	1452	1;0	10650;5086	0;0	8;5	
1182	1453	2;1	0;0	10627;5112	0;1	
1183	1454	11148;5448	1;0	16;6	4;1	
1184	1455	1;0	11204;5513	0;0	4;2	
1185	1456	8;1	0;0	11215;5555	0;0	
1186	1457	0;0	5;4	0;0	11128;5416	
1187	1458	5985;2539	5140;2808	7;4	1;2	
1188	1459	0;0	4;1	1;0	11128;5350	
1189	1460	3;3	0;0	11126;5343	0;0	
1190	1461	2;2	0;0	11173;5366	1;0	
1191	1462	4;1	0;0	11218;5359	1;1	
1192	1463	0;0	9988;5201	0;0	4;1	
1193	1464	9753;5178	2;0	2;0	0;0	
1194	1465	0;0	7;1	3;0	9685;5131	
1195	1466	0;0	3;1	0;0	9697;5114	
1196	1467	2;0	7;4	0;1	9693;5087	
1197	1468	2;1	0;0	9703;5068	1;1	
1198	1469	5;2	0;0	9728;5117	0;0	
1199	1470	9695;5075	0;1	15;6	2;1	
1200	1471	9;2	1;0	9712;5014	2;0	
1201	1472	0;0	3;3	1;0	9796;4995	
1202	1473	9814;4987	0;0	7;5	0;0	
1203	1474	0;0	5;4	1;0	9811;4974	
1204	1475	1;0	3;0	1;0	9746;4968	
1205	1476	1;1	1;2	9769;4975	1;0	
1206	1477	1;0	9788;4923	0;0	3;0	
1207	1478	1;1	12;7	1;0	9652;4896	
1208	1479	0;0	7;2	1;0	9675;4904	
1209	1480	0;0	8;5	4;1	9585;4869	
1210	1481	3;4	0;0	9598;4882	1;1	
1211	1482	4;1	0;0	9690;4886	1;1	
1212	1483	3;3	0;0	9706;4885	0;0	
1213	1484	9772;4820	2;0	13;6	1;1	
1214	1485	9615;4722	1;0	4;3	1;1	
1215	1486	9616;4737	0;0	9;7	0;1	
1216	1487	1;0	1;1	1;0	9643;4785	
1217	1488	0;0	3;2	1;0	9754;4787	
1218	1489	5;1	0;0	9753;4795	0;0	
1219	1490	1;0	9854;4701	1;1	9;1	
1220	1491	2;0	11;6	0;0	9840;4697	
1221	1492	9899;4826	0;0	12;3	4;2	
1222	1493	0;0	9941;4902	0;0	8;1	
1223	1494	0;0	9972;4769	0;0	2;4	
1224	1495	1;1	3;4	1;0	9900;4760	
1225	1496	9784;4744	1;0	8;3	1;0	
1226	1497	1;0	8;4	1;0	9813;4747	
1227	1498	5;4	0;0	9805;4761	0;0	
1228	1499	2;3	0;0	9821;4779	0;0	
1229	1500	0;0	10011;4497	1;0	4;2	
1230	1501	9706;4453	0;0	17;8	0;0	
1231	1502	0;0	9;3	0;0	9524;4423	
1232	1503	2;1	0;0	9446;4431	0;0	
1233	1504	3;1	16;6	0;0	9622;4406	
1234	1505	0;1	9657;4432	0;0	5;3	
1235	1506	0;0	9635;4450	3;0	8;6	
1236	1507	2;0	9626;4409	0;0	9;5	
1237	1508	0;0	9590;4382	0;1	8;3	
1238	1509	0;0	7;3	1;0	9555;4368	
1239	1510	0;0	3;1	3;0	9572;4388	
1240	1511	9561;4325	1;0	11;7	1;0	
1241	1512	0;1	9589;4303	0;0	3;1	
1242	1513	2;0	9500;4257	0;0	3;2	
1243	1514	1;1	8872;4118	1;0	235;80	
1244	1515	2;2	0;0	8933;4171	1;0	
1245	1516	3;2	0;0	8934;3678	2;0	
1246	1517	3;1	0;0	8955;3713	0;0	
1247	1518	9097;3519	0;1	10;6	0;0	
1248	1519	8977;3468	0;0	6;0	1;0	
1249	1520	0;0	6;1	0;0	8952;3416	
1250	1521	1;0	4;0	0;0	8882;3308	
1251	1522	1;2	0;0	8898;3325	0;0	
1252	1523	8886;3326	0;0	14;2	1;0	
1253	1524	0;0	8996;3315	0;0	2;1	
1254	1525	1;0	9008;2951	0;0	4;2	
1255	1526	0;0	4;2	0;0	8952;2934	
1256	1527	1;2	0;0	9097;3198	0;0	
1257	1528	1;0	12;3	2;0	9124;3216	
1258	1529	0;0	9139;3220	0;0	3;1	
1259	1530	0;0	9154;3179	0;0	9;3	
1260	1531	1;0	9043;3155	0;0	5;2	
1261	1532	9013;3157	2;0	14;5	2;0	
1262	1533	6;2	0;0	9032;3187	1;0	
1263	1534	2;0	0;0	9129;3283	0;0	
1264	1535	1;0	7;8	1;0	9000;3253	
1265	1536	3;2	0;0	8298;3155	0;0	
1266	1537	0;0	7;2	0;0	7814;3076	
1267	1538	7885;3041	0;1	13;5	1;0	
1268	1539	0;0	8;1	0;0	7902;3045	
1269	1540	3;1	0;0	7887;3040	0;0	
1270	1541	7823;3035	0;0	16;5	0;0	
1271	1542	3;2	1;0	7721;3023	0;0	
1272	1543	1;0	7477;2960	0;0	3;2	
1273	1544	1;1	7;3	2;0	7256;2929	
1274	1545	4;0	0;0	7280;2985	1;1	
1275	1546	1;0	7330;2978	0;0	4;1	
1276	1547	0;0	5;2	1;1	7466;2977	
1277	1548	7463;2979	0;1	12;6	0;0	
1278	1549	3;1	0;1	7478;2985	0;0	
1279	1550	7465;2894	0;0	19;7	0;0	
1280	1551	3;1	0;0	7479;2888	0;0	
1281	1552	7537;2754	0;0	26;10	2;2	
1282	1553	7473;2750	0;0	13;4	2;0	
1283	1554	0;0	0;0	7235;2735	2;1	
1284	1555	1;0	0;0	7796;2739	1;0	
1285	1556	7910;2725	0;0	24;8	2;0	
1286	1557	1;0	7886;2687	0;0	7;2	
1287	1558	0;0	7;1	2;0	7802;2670	
1288	1559	7817;2692	0;0	8;4	0;0	
1289	1560	1;0	7854;2695	0;0	6;1	
1290	1561	0;0	7817;2606	0;0	4;1	
1291	1562	11;1	0;0	7806;2606	0;0	
1292	1563	0;0	7704;2575	0;0	10;3	
1293	1564	7665;2569	0;0	15;4	0;0	
1294	1565	1;0	6;1	1;0	7663;2487	
1295	1566	1;0	0;0	7517;2466	2;0	
1296	1567	2;1	0;0	7517;2463	0;0	
1297	1568	7270;2424	0;1	8;5	2;2	
1298	1569	0;0	0;0	7274;2430	0;0	
1299	1570	1;0	7062;2370	0;0	1;0	
1300	1571	10;1	1;0	7066;2398	0;0	
1301	1572	1;0	7088;2407	0;0	2;0	
1302	1573	0;0	7087;2410	2;0	3;1	
1303	1574	2;0	7089;2413	1;0	4;1	
1304	1575	7057;2405	0;1	7;3	1;0	
1305	1576	0;0	0;0	7067;2379	0;0	
1306	1577	7046;2301	0;0	7;2	0;0	
1307	1578	7003;2292	0;0	20;7	0;0	
1308	1579	0;0	0;0	7017;2297	1;0	
1309	1580	1;1	0;0	6774;2245	0;0	
1310	1581	0;0	6724;2167	0;0	5;2	
1311	1582	0;0	2;0	1;0	6489;2134	
1312	1583	0;0	0;0	6520;2166	0;0	
1313	1584	1;0	6516;2161	0;0	3;1	
1314	1585	0;1	6514;2152	0;0	3;1	
1315	1586	0;0	6505;2149	0;0	4;3	
1316	1587	6429;2141	0;0	17;5	1;1	
1317	1588	7;1	0;0	6458;2133	0;0	
1318	1589	6440;2117	0;1	11;6	1;1	
1319	1590	2;3	0;0	6447;2118	0;1	
1320	1591	6429;2108	0;1	10;2	0;0	
1321	1592	5752;2001	1;0	14;4	0;0	
1322	1593	1;1	0;0	5777;1999	0;1	
1323	1594	3;1	0;0	5801;2021	0;0	
1324	1595	0;0	11;2	1;0	5759;1998	
1325	1596	0;0	5771;2002	0;0	2;1	
1326	1597	0;0	8;2	0;0	5593;1980	
1327	1598	5597;1983	0;0	4;1	0;0	
1328	1599	2;0	6;3	0;0	5587;1954	
1329	1600	1;0	1;1	5600;1952	0;0	
1330	1601	5546;1939	0;0	18;4	0;0	
1331	1602	5354;1905	1;0	6;1	0;0	
1332	1603	0;0	5239;1565	0;0	4;1	
1333	1604	0;0	5;1	1;0	4943;1514	
1334	1605	0;0	4829;1457	0;0	1;1	
1335	1606	4805;1457	1;0	3;0	0;0	
1336	1607	0;0	2;1	0;0	4792;1432	
1337	1608	1;0	0;0	4789;1425	1;2	
1338	1609	0;0	4682;1398	0;0	5;1	
1339	1610	3;0	1;0	4682;1399	0;0	
1340	1611	4621;1388	0;0	20;6	3;0	
1341	1612	0;0	0;0	4637;1380	1;1	
1342	1613	0;0	4641;1369	0;0	3;1	
1343	1614	4588;1362	0;1	1;0	0;0	
1344	1615	0;0	3;2	1;0	4575;1352	
1345	1616	1;0	1;1	4552;1344	0;0	
1346	1617	0;0	6;4	0;0	4532;1327	
1347	1618	0;0	7;3	2;0	4528;1329	
1348	1619	0;0	0;0	4529;1330	1;0	
1349	1620	2;1	0;0	4481;1298	0;0	
1350	1621	0;0	4473;1281	0;0	4;0	
1351	1622	4239;1244	0;0	6;1	0;0	
1352	1623	1;1	0;0	4248;1249	0;1	
1353	1624	0;0	1;0	0;0	4179;1240	
1354	1625	0;0	0;0	4171;1240	0;0	
1355	1626	0;0	0;0	4174;1243	0;0	
1356	1627	4132;1207	0;0	5;0	1;0	
1357	1628	4123;1201	0;0	5;1	0;0	
1358	1629	0;0	4;2	1;0	4099;1200	
1359	1630	0;0	4081;1204	0;0	3;0	
1360	1631	0;0	4079;1198	0;0	1;0	
1361	1632	0;0	3973;1180	0;0	2;1	
1362	1633	1;0	3;2	1;0	3944;1175	
1363	1634	0;0	3942;1163	0;0	3;0	
1364	1635	1;1	3;0	0;0	3827;1140	
1365	1636	1;0	0;0	3832;1142	0;1	
1366	1637	3814;1138	0;0	8;2	0;0	
1367	1638	0;0	3821;1118	0;0	0;0	
1368	1639	1;1	3672;1090	1;0	5;1	
1369	1640	2;1	0;0	3501;1055	0;0	
1370	1641	1;1	0;0	3496;1050	1;1	
1371	1642	0;0	3493;976	0;0	1;0	
1372	1643	0;0	3484;930	0;0	1;0	
1373	1644	0;0	3473;907	0;0	4;0	
1374	1645	1;0	5;1	0;0	3441;899	
1375	1646	1;0	3448;900	0;0	1;0	
1376	1647	1;0	3442;886	0;0	3;0	
1377	1648	0;0	9;3	0;0	3394;874	
1378	1649	0;0	2;0	0;0	3389;875	
1379	1650	0;0	0;0	0;0	3151;823	
1380	1651	4;1	0;0	3145;820	0;2	
1381	1652	1;0	3144;802	0;0	1;0	
1382	1653	0;0	2;2	0;0	3046;778	
1383	1654	1;0	0;0	3038;781	0;0	
1384	1655	2793;743	0;0	3;1	0;0	
1385	1656	2785;705	0;0	7;2	0;0	
1386	1657	2786;697	0;0	5;0	1;0	
1387	1658	0;0	2;1	0;0	2748;691	
1388	1659	0;0	2746;690	0;0	0;0	
1389	1660	0;0	2695;672	0;0	0;0	
1390	1661	2676;669	1;0	4;3	0;0	
1391	1662	0;0	2679;651	0;0	1;1	
1392	1663	0;0	2627;648	0;0	3;0	
1393	1664	2615;642	0;0	7;4	0;0	
1394	1665	2598;645	0;0	6;0	0;0	
1395	1666	1;0	0;0	2605;646	0;0	
1396	1667	0;0	2602;615	0;0	1;0	
1397	1668	0;0	2573;612	0;0	0;0	
1398	1669	0;0	4;0	0;0	2416;599	
1399	1670	0;0	1;0	0;0	2416;599	
1400	1671	0;0	1;0	0;0	2414;599	
1401	1672	0;0	0;0	2413;599	0;0	
1402	1673	2404;590	0;0	7;1	0;0	
1403	1674	2401;590	1;0	3;0	0;0	
1404	1675	2284;577	0;0	12;0	0;0	
1405	1676	0;0	2256;566	0;0	2;1	
1406	1677	2088;530	0;0	3;0	0;0	
1407	1678	2086;410	0;0	3;0	0;0	
1408	1679	0;0	0;0	0;0	2053;398	
1409	1680	3;1	0;0	2049;396	0;0	
1410	1681	1;0	5;1	0;0	2018;390	
1411	1682	0;0	1;0	1;0	1998;387	
1412	1683	0;0	1997;368	0;0	3;0	
1413	1684	0;0	1967;322	0;0	7;1	
1414	1685	1931;315	0;0	6;2	0;0	
1415	1686	1;0	0;0	1934;311	0;0	
1416	1687	0;0	0;0	1874;292	0;0	
1417	1688	1747;274	0;0	10;1	0;0	
1418	1689	1658;258	0;0	4;1	1;0	
1419	1690	0;0	2;0	1;0	1640;256	
1420	1691	0;0	1627;249	0;0	1;0	
1421	1692	0;0	1620;249	0;0	2;0	
1422	1693	1534;236	1;0	10;3	0;0	
1423	1694	0;0	0;0	1544;233	0;1	
1424	1695	0;0	0;0	1;0	1507;228	
1425	1696	1449;202	0;0	10;1	0;0	
1426	1697	1;0	3;1	0;0	1437;198	
1427	1698	0;0	1274;166	0;0	0;0	
1428	1699	0;0	0;0	0;0	1245;163	
1429	1700	0;0	1205;160	0;0	0;0	
1430	1701	1023;139	1;0	0;0	0;0	
1431	1702	0;0	0;0	1024;136	0;0	
1432	1703	968;131	1;0	0;0	0;0	
1433	1704	0;0	955;125	0;0	0;0	
